     
200 130 
         1 -40030173.5920411423  7990.9610007184  -1.0019578966e+00 
         2 -40030173.5920411423  5993.2207505388  -1.0019578966e+00 
         3 -40030173.5920411423  3995.4805003592  -1.0019578966e+00 
         4 -40030173.5920411423  1997.7402501796  -1.0019578966e+00 
         5 -40030173.5920411423     0.0000000000  -1.0019578966e+00 
         6 -40028175.8517909646  5993.2207505388  -1.0051023571e+00 
         7 -40028175.8517909646  7990.9610007184  -1.0051023571e+00 
         8 -40028175.8517909646  3995.4805003592  -1.0051023571e+00 
         9 -40028175.8517909646  1997.7402501796  -1.0051023571e+00 
        10 -40028175.8517909646     0.0000000000  -1.0051023571e+00 
        11 -40026178.1115407869  5993.2207505388  -1.0122768472e+00 
        12 -40026178.1115407869  3995.4805003592  -1.0122768472e+00 
        13 -40026178.1115407869  7990.9610007184  -1.0122768472e+00 
        14 -40026178.1115407869  1997.7402501796  -1.0122768472e+00 
        15 -40026178.1115407869     0.0000000000  -1.0122768472e+00 
        16 -40024180.3712906092  5993.2207505388  -1.0272733046e+00 
        17 -40024180.3712906092  3995.4805003592  -1.0272733046e+00 
        18 -40024180.3712906092  7990.9610007184  -1.0272733046e+00 
        19 -40024180.3712906092  1997.7402501796  -1.0272733046e+00 
        20 -40024180.3712906092     0.0000000000  -1.0272733046e+00 
        21 -40022182.6310404316  5993.2207505388  -1.0559401444e+00 
        22 -40022182.6310404316  3995.4805003592  -1.0559401444e+00 
        23 -40022182.6310404316  7990.9610007184  -1.0559401444e+00 
        24 -40022182.6310404316  1997.7402501796  -1.0559401444e+00 
        25 -40022182.6310404316     0.0000000000  -1.0559401444e+00 
        26 -40020184.8907902464  5993.2207505388  -1.1059361809e+00 
        27 -40020184.8907902464  3995.4805003592  -1.1059361809e+00 
        28 -40020184.8907902464  7990.9610007184  -1.1059361809e+00 
        29 -40020184.8907902464  1997.7402501796  -1.1059361809e+00 
        30 -40020184.8907902464     0.0000000000  -1.1059361809e+00 
        31 -40018187.1505400613  5993.2207505388  -1.1852251478e+00 
        32 -40018187.1505400613  3995.4805003592  -1.1852251478e+00 
        33 -40018187.1505400613  7990.9610007184  -1.1852251478e+00 
        34 -40018187.1505400613  1997.7402501796  -1.1852251478e+00 
        35 -40018187.1505400613     0.0000000000  -1.1852251478e+00 
        36 -40016189.4102898911  5993.2207505388  -1.2990132937e+00 
        37 -40016189.4102898911  3995.4805003592  -1.2990132937e+00 
        38 -40016189.4102898911  7990.9610007184  -1.2990132937e+00 
        39 -40016189.4102898911  1997.7402501796  -1.2990132937e+00 
        40 -40016189.4102898911     0.0000000000  -1.2990132937e+00 
        41 -40014191.6700397059  5993.2207505388  -1.4456726185e+00 
        42 -40014191.6700397059  3995.4805003592  -1.4456726185e+00 
        43 -40014191.6700397059  7990.9610007184  -1.4456726185e+00 
        44 -40014191.6700397059  1997.7402501796  -1.4456726185e+00 
        45 -40014191.6700397059     0.0000000000  -1.4456726185e+00 
        46 -40012193.9297895283  5993.2207505388  -1.6133047341e+00 
        47 -40012193.9297895283  3995.4805003592  -1.6133047341e+00 
        48 -40012193.9297895283  7990.9610007184  -1.6133047341e+00 
        49 -40012193.9297895283  1997.7402501796  -1.6133047341e+00 
        50 -40012193.9297895283     0.0000000000  -1.6133047341e+00 
        51 -40010196.1895504668  5993.2207505388  -1.7792406320e+00 
        52 -40010196.1895504668  3995.4805003592  -1.7792406320e+00 
        53 -40010196.1895504668  7990.9610007184  -1.7792406320e+00 
        54 -40010196.1895504668  1997.7402501796  -1.7792406320e+00 
        55 -40010196.1895504668     0.0000000000  -1.7792406320e+00 
        56 -40008198.4493002892  5993.2207505388  -1.9141169719e+00 
        57 -40008198.4493002892  3995.4805003592  -1.9141169719e+00 
        58 -40008198.4493002892  7990.9610007184  -1.9141169719e+00 
        59 -40008198.4493002892  1997.7402501796  -1.9141169719e+00 
        60 -40008198.4493002892     0.0000000000  -1.9141169719e+00 
        61 -40006200.7090501040  5993.2207505388  -1.9900721939e+00 
        62 -40006200.7090501040  3995.4805003592  -1.9900721939e+00 
        63 -40006200.7090501040  7990.9610007184  -1.9900721939e+00 
        64 -40006200.7090501040  1997.7402501796  -1.9900721939e+00 
        65 -40006200.7090501040     0.0000000000  -1.9900721939e+00 
        66 -40004202.9687999338  5993.2207505388  -1.9900721941e+00 
        67 -40004202.9687999338  3995.4805003592  -1.9900721941e+00 
        68 -40004202.9687999338  7990.9610007184  -1.9900721941e+00 
        69 -40004202.9687999338  1997.7402501796  -1.9900721941e+00 
        70 -40004202.9687999338     0.0000000000  -1.9900721941e+00 
        71 -40002205.2285497487  5993.2207505388  -1.9141169725e+00 
        72 -40002205.2285497487  3995.4805003592  -1.9141169725e+00 
        73 -40002205.2285497487  7990.9610007184  -1.9141169725e+00 
        74 -40002205.2285497487  1997.7402501796  -1.9141169725e+00 
        75 -40002205.2285497487     0.0000000000  -1.9141169725e+00 
        76 -40000207.4882995635  5993.2207505388  -1.7792406328e+00 
        77 -40000207.4882995635  3995.4805003592  -1.7792406328e+00 
        78 -40000207.4882995635  7990.9610007184  -1.7792406328e+00 
        79 -40000207.4882995635  1997.7402501796  -1.7792406328e+00 
        80 -40000207.4882995635     0.0000000000  -1.7792406328e+00 
        81 -39998209.7480493933  5993.2207505388  -1.6133047341e+00 
        82 -39998209.7480493933  3995.4805003592  -1.6133047341e+00 
        83 -39998209.7480493933  7990.9610007184  -1.6133047341e+00 
        84 -39998209.7480493933  1997.7402501796  -1.6133047341e+00 
        85 -39998209.7480493933     0.0000000000  -1.6133047341e+00 
        86 -39996212.0077992156  5993.2207505388  -1.4456726185e+00 
        87 -39996212.0077992156  3995.4805003592  -1.4456726185e+00 
        88 -39996212.0077992156  7990.9610007184  -1.4456726185e+00 
        89 -39996212.0077992156  1997.7402501796  -1.4456726185e+00 
        90 -39996212.0077992156     0.0000000000  -1.4456726185e+00 
        91 -39994214.2675490305  5993.2207505388  -1.2990132937e+00 
        92 -39994214.2675490305  3995.4805003592  -1.2990132937e+00 
        93 -39994214.2675490305  7990.9610007184  -1.2990132937e+00 
        94 -39994214.2675490305  1997.7402501796  -1.2990132937e+00 
        95 -39994214.2675490305     0.0000000000  -1.2990132937e+00 
        96 -39992216.5272988528  5993.2207505388  -1.1852251478e+00 
        97 -39992216.5272988528  3995.4805003592  -1.1852251478e+00 
        98 -39992216.5272988528  7990.9610007184  -1.1852251478e+00 
        99 -39992216.5272988528  1997.7402501796  -1.1852251478e+00 
       100 -39992216.5272988528     0.0000000000  -1.1852251478e+00 
       101 -39990218.7870486677  5993.2207505388  -1.1059361809e+00 
       102 -39990218.7870486677  3995.4805003592  -1.1059361809e+00 
       103 -39990218.7870486677  7990.9610007184  -1.1059361809e+00 
       104 -39990218.7870486677  1997.7402501796  -1.1059361809e+00 
       105 -39990218.7870486677     0.0000000000  -1.1059361809e+00 
       106 -39988221.0467984974  5993.2207505388  -1.0559401444e+00 
       107 -39988221.0467984974  3995.4805003592  -1.0559401444e+00 
       108 -39988221.0467984974  7990.9610007184  -1.0559401444e+00 
       109 -39988221.0467984974  1997.7402501796  -1.0559401444e+00 
       110 -39988221.0467984974     0.0000000000  -1.0559401444e+00 
       111 -39986223.3065483123  5993.2207505388  -1.0272733046e+00 
       112 -39986223.3065483123  3995.4805003592  -1.0272733046e+00 
       113 -39986223.3065483123  7990.9610007184  -1.0272733046e+00 
       114 -39986223.3065483123  1997.7402501796  -1.0272733046e+00 
       115 -39986223.3065483123     0.0000000000  -1.0272733046e+00 
       116 -39984225.5662981346  5993.2207505388  -1.0122768472e+00 
       117 -39984225.5662981346  3995.4805003592  -1.0122768472e+00 
       118 -39984225.5662981346  7990.9610007184  -1.0122768472e+00 
       119 -39984225.5662981346  1997.7402501796  -1.0122768472e+00 
       120 -39984225.5662981346     0.0000000000  -1.0122768472e+00 
       121 -39982227.8260479569  5993.2207505388  -1.0051023571e+00 
       122 -39982227.8260479569  3995.4805003592  -1.0051023571e+00 
       123 -39982227.8260479569  7990.9610007184  -1.0051023571e+00 
       124 -39982227.8260479569  1997.7402501796  -1.0051023571e+00 
       125 -39982227.8260479569     0.0000000000  -1.0051023571e+00 
       126 -39980230.0857977718  5993.2207505388  -1.0019578966e+00 
       127 -39980230.0857977718  3995.4805003592  -1.0019578966e+00 
       128 -39980230.0857977718  7990.9610007184  -1.0019578966e+00 
       129 -39980230.0857977718  1997.7402501796  -1.0019578966e+00 
       130 -39980230.0857977718     0.0000000000  -1.0019578966e+00 
1 3 1 6 7 
2 3 2 6 1 
3 3 3 8 6 
4 3 3 6 2 
5 3 9 8 3 
6 3 9 3 4 
7 3 10 9 5 
8 3 9 10 14 
9 3 11 7 6 
10 3 12 11 8 
11 3 8 11 6 
12 3 11 13 7 
13 3 8 14 12 
14 3 12 19 17 
15 3 9 4 5 
16 3 10 15 14 
17 3 11 16 13 
18 3 12 17 16 
19 3 12 16 11 
20 3 14 8 9 
21 3 13 16 18 
22 3 22 17 24 
23 3 14 15 19 
24 3 15 20 19 
25 3 16 21 18 
26 3 21 17 22 
27 3 17 21 16 
28 3 12 14 19 
29 3 23 18 21 
30 3 19 24 17 
31 3 19 20 24 
32 3 24 20 25 
33 3 21 26 23 
34 3 22 27 26 
35 3 22 26 21 
36 3 22 29 27 
37 3 26 28 23 
38 3 29 22 24 
39 3 24 25 29 
40 3 25 30 29 
41 3 31 28 26 
42 3 27 32 31 
43 3 31 26 27 
44 3 32 27 34 
45 3 33 28 31 
46 3 29 34 27 
47 3 34 29 30 
48 3 30 35 34 
49 3 33 31 36 
50 3 32 37 36 
51 3 32 36 31 
52 3 37 32 39 
53 3 36 38 33 
54 3 34 39 32 
55 3 35 39 34 
56 3 39 35 40 
57 3 36 41 38 
58 3 41 37 42 
59 3 41 36 37 
60 3 37 44 42 
61 3 41 43 38 
62 3 44 37 39 
63 3 44 39 40 
64 3 40 45 44 
65 3 41 46 43 
66 3 51 46 47 
67 3 42 46 41 
68 3 47 42 49 
69 3 43 46 48 
70 3 42 44 49 
71 3 44 45 49 
72 3 49 45 50 
73 3 46 51 48 
74 3 47 52 51 
75 3 46 42 47 
76 3 47 54 52 
77 3 51 53 48 
78 3 47 49 54 
79 3 54 49 50 
80 3 54 50 55 
81 3 56 53 51 
82 3 52 57 56 
83 3 51 52 56 
84 3 57 52 59 
85 3 58 53 56 
86 3 52 54 59 
87 3 54 55 59 
88 3 59 55 60 
89 3 56 61 58 
90 3 62 61 57 
91 3 56 57 61 
92 3 57 64 62 
93 3 63 58 61 
94 3 57 59 64 
95 3 64 59 60 
96 3 64 60 65 
97 3 66 63 61 
98 3 67 66 62 
99 3 61 62 66 
100 3 69 67 62 
101 3 63 66 68 
102 3 69 62 64 
103 3 65 69 64 
104 3 70 69 65 
105 3 66 71 68 
106 3 67 72 71 
107 3 67 71 66 
108 3 74 72 67 
109 3 68 71 73 
110 3 69 74 67 
111 3 74 69 70 
112 3 70 75 74 
113 3 71 76 73 
114 3 77 76 72 
115 3 72 76 71 
116 3 72 79 77 
117 3 76 78 73 
118 3 72 74 79 
119 3 74 75 79 
120 3 79 75 80 
121 3 76 81 78 
122 3 77 82 81 
123 3 77 81 76 
124 3 84 82 77 
125 3 78 81 83 
126 3 84 77 79 
127 3 79 80 84 
128 3 84 80 85 
129 3 81 86 83 
130 3 86 82 87 
131 3 82 86 81 
132 3 87 82 89 
133 3 88 83 86 
134 3 84 89 82 
135 3 89 84 85 
136 3 89 85 90 
137 3 86 91 88 
138 3 87 92 91 
139 3 87 91 86 
140 3 87 94 92 
141 3 91 93 88 
142 3 94 87 89 
143 3 89 90 94 
144 3 90 95 94 
145 3 96 93 91 
146 3 92 97 96 
147 3 96 91 92 
148 3 97 92 99 
149 3 98 93 96 
150 3 94 99 92 
151 3 99 94 95 
152 3 95 100 99 
153 3 98 96 101 
154 3 97 102 101 
155 3 97 101 96 
156 3 104 102 97 
157 3 101 103 98 
158 3 97 99 104 
159 3 104 99 100 
160 3 100 105 104 
161 3 101 106 103 
162 3 106 102 107 
163 3 106 101 102 
164 3 102 109 107 
165 3 106 108 103 
166 3 109 102 104 
167 3 104 105 109 
168 3 110 109 105 
169 3 106 111 108 
170 3 112 111 107 
171 3 107 111 106 
172 3 112 107 114 
173 3 108 111 113 
174 3 107 109 114 
175 3 109 110 114 
176 3 114 110 115 
177 3 111 116 113 
178 3 112 117 116 
179 3 116 111 112 
180 3 112 119 117 
181 3 116 118 113 
182 3 112 114 119 
183 3 119 114 115 
184 3 119 115 120 
185 3 121 118 116 
186 3 117 122 121 
187 3 117 121 116 
188 3 122 117 124 
189 3 123 118 121 
190 3 119 120 124 
191 3 119 124 117 
192 3 124 120 125 
193 3 121 126 123 
194 3 126 122 127 
195 3 121 122 126 
196 3 122 129 127 
197 3 128 123 126 
198 3 124 125 129 
199 3 122 124 129 
200 3 129 125 130 
0 = Number of open boundaries 
0 = Total number of open boundary nodes 
1 = Number of land boundaries 
59 = Total number of land boundary nodes 
59 20 = Number of nodes for land boundary 1 
1 
2 
3 
4 
5 
10 
15 
20 
25 
30 
35 
40 
45 
50 
55 
60 
65 
70 
75 
80 
85 
90 
95 
100 
105 
110 
115 
120 
125 
130 
129 
127 
126 
128 
123 
118 
113 
108 
103 
98 
93 
88 
83 
78 
73 
68 
63 
58 
53 
48 
43 
38 
33 
28 
23 
18 
13 
7 
1 
