OceanMesh2D 
Run_001
1         	 ! NFOVER 
0        	 ! NABOUT 
100        	 ! NSCREEN 
0        	 ! IHOT 
2        	 ! ICS 
511112        	 ! IM 
1        	 ! NOLIBF 
2        	 ! NOLIFA 
1        	 ! NOLICA 
1        	 ! NOLICAT 
0        	 ! NWP 
1   	 	 ! NCOR 
1   	 	 ! NTIP 
12   	 	 ! NWS 
1   	 	 ! NRAMP 
9.810000   	 ! G  
-1   	 	 ! TAU0 
8.0  	 	 ! DTDP 
0  	 	 ! STATIM 
0  	 	 ! REFTIM 
 900                       ! WTIMINC - TIME INTERVAL BETWEEN STORM INPUT
2.4   	 	 ! RNDY 
1  	 	 ! DRAMP 
0 1 0  	 ! A00, B00, C00 
0.1 0 0 0.01    	 ! H0, 2*dummy, VELMIN 
-75.590869 25.259577  	 	 ! SLAM0, SFEA0 
0.002500     	 ! CF 
-0.050000     	 ! ELSM 
0.000000   	 ! CORI 
8   	 	 ! NTIF 
Q1 
0.019303  6.495854130e-05 0.695000 1.143968 2.536977   	 !  TPK, AMIGT, ETRF, FFT, FACET 
O1 
0.100818  6.759774407e-05 0.695000 1.151199 153.725450   	 !  TPK, AMIGT, ETRF, FFT, FACET 
P1 
0.047037  7.252294576e-05 0.706000 0.993928 285.403449   	 !  TPK, AMIGT, ETRF, FFT, FACET 
K1 
0.141909  7.292115851e-05 0.736000 1.089163 80.403144   	 !  TPK, AMIGT, ETRF, FFT, FACET 
N2 
0.046510  1.378796998e-04 0.693000 0.974235 85.208263   	 !  TPK, AMIGT, ETRF, FFT, FACET 
M2 
0.242922  1.405189028e-04 0.693000 0.972933 236.428668   	 !  TPK, AMIGT, ETRF, FFT, FACET 
S2 
0.113308  1.454441043e-04 0.693000 1.001624 359.915203   	 !  TPK, AMIGT, ETRF, FFT, FACET 
K2 
0.030779  1.458423170e-04 0.693000 1.232140 341.336416   	 !  TPK, AMIGT, ETRF, FFT, FACET 
8   	 	 ! NBFR 
Q1  
 6.495854130e-05 1.143968 2.536977 
O1  
 6.759774407e-05 1.151199 153.725450 
P1  
 7.252294576e-05 0.993928 285.403449 
K1  
 7.292115851e-05 1.089163 80.403144 
N2  
 1.378796998e-04 0.974235 85.208263 
M2  
 1.405189028e-04 0.972933 236.428668 
S2  
 1.454441043e-04 1.001624 359.915203 
K2  
 1.458423170e-04 1.232140 341.336416 
Q1 
 5.486769346e-03      275.4878652 
 4.621574242e-03      270.7596693 
 4.029343265e-03      265.7113068 
 3.524208776e-03      259.1936198 
 3.082680164e-03      248.7845342 
 2.803934964e-03      236.0853674 
 2.700728782e-03      218.4969849 
 2.748904274e-03      206.1840476 
 2.858587277e-03      197.8525611 
 3.023584292e-03      190.4243674 
 3.324950936e-03      182.5584887 
 3.656284549e-03      176.9946567 
 4.129532567e-03      171.5466077 
 4.736498086e-03      166.6090176 
 5.347976173e-03      164.1861351 
 6.479806563e-03      162.1424949 
 7.612290436e-03      161.5350904 
 9.431239655e-03      160.4884774 
 1.016584333e-02      160.9618256 
 1.054108651e-02       161.811674 
 1.059268436e-02      162.1314776 
 1.060177196e-02      162.3111132 
 1.059730183e-02      162.4134063 
 1.058611742e-02      162.5322339 
 1.057722099e-02      162.6123847 
 1.056537274e-02      162.7106313 
 1.054476245e-02      162.8709869 
 1.052304653e-02      163.0310853 
 1.049877436e-02      163.2009109 
 1.046015014e-02      163.4625228 
 1.043982835e-02      163.5963473 
 1.041037095e-02      163.7873439 
 1.038886306e-02      163.9263321 
 1.035329886e-02      164.1557932 
 1.033691142e-02      164.2611378 
 1.031754574e-02      164.3867887 
 1.029814853e-02      164.5123807 
 1.025928256e-02      164.7674086 
 1.023497999e-02      164.9313555 
 1.020224648e-02      165.1551518 
 1.017846964e-02      165.3221004 
 1.013924200e-02      165.6077549 
 1.010616963e-02      165.8585193 
 1.008636397e-02      166.0139198 
 1.006621884e-02      166.1721878 
 1.005473148e-02      166.2698714 
 1.003571255e-02      166.4322573 
 1.001728409e-02      166.5922788 
 9.996829817e-03      166.7770979 
 9.968056303e-03      167.0491135 
 9.950822619e-03      167.2179765 
 9.936304559e-03      167.3653318 
 9.919900552e-03      167.5386876 
 9.903618479e-03      167.7139587 
 9.890205150e-03       167.865378 
 9.872921382e-03      168.0648468 
 9.859560331e-03      168.2214049 
 9.848592797e-03      168.3528825 
 9.833972419e-03      168.5328862 
 9.819921766e-03      168.7140534 
 9.804130042e-03      168.9209036 
 9.794288029e-03      169.0567377 
 9.784340985e-03      169.1933582 
 9.772825366e-03      169.3532203 
 9.751721088e-03      169.6538443 
 9.740687091e-03      169.8120631 
 9.728447614e-03       169.997262 
 9.716415889e-03      170.1839029 
 9.702295593e-03      170.4195398 
 9.680143916e-03      170.8326494 
 9.670761248e-03       171.026047 
 9.658988305e-03      171.2727641 
 9.644185648e-03       171.588728 
 9.631096816e-03      171.8877494 
 9.623314440e-03      172.0855846 
 9.615948620e-03      172.2833915 
 9.615582061e-03      172.4890812 
 9.602011445e-03      172.6885589 
 9.594766987e-03      172.9184266 
 9.589794518e-03      173.0957274 
 9.584817994e-03      173.2755559 
 9.579247717e-03      173.4818923 
 9.575017225e-03      173.6601129 
 9.570912335e-03      173.8388857 
 9.565911589e-03      174.0737419 
 9.561814433e-03      174.2795381 
 9.558433341e-03      174.4598352 
 9.555747444e-03      174.6150134 
 9.553175080e-03      174.7692789 
 9.550558040e-03      174.9509872 
 9.547733683e-03      175.1585896 
 9.545513363e-03      175.3414142 
 9.543645433e-03      175.4955845 
 9.542048540e-03      175.7050873 
 9.539999003e-03      176.0181839 
 9.538862081e-03      176.2550745 
 9.538135622e-03      176.4357491 
 9.538018089e-03      176.8064156 
 9.538014832e-03      177.0171397 
 9.538449083e-03      177.1732929 
 9.539117876e-03       177.331604 
 9.539889154e-03      177.5173152 
 9.540442988e-03       177.645575 
 9.542161109e-03      177.8841349 
 9.543870303e-03      178.0935185 
 9.545672634e-03      178.3052489 
 9.547296866e-03      178.4600549 
 9.549582362e-03      178.6441611 
 9.552382386e-03       178.854471 
 9.555846291e-03      179.0922707 
 9.559392335e-03      179.3019114 
 9.566095515e-03      179.6708795 
 9.570309142e-03      179.8808377 
 9.574216114e-03      180.0657538 
 9.577547892e-03      180.2203041 
 9.584630813e-03      180.5110601 
 9.589996020e-03      180.7198827 
 9.595620083e-03      180.9286407 
 9.602218968e-03      181.1638131 
 9.609083399e-03      181.3982599 
 9.617227961e-03      181.6606425 
 9.624043043e-03      181.8703284 
 9.629267129e-03      182.0239473 
 9.641287054e-03      182.3633151 
 9.649925574e-03      182.5967215 
 9.659988505e-03       182.857343 
 9.670235890e-03      183.1146806 
 9.683490728e-03      183.4275673 
 9.699579925e-03      183.6551643 
 9.701616115e-03       183.839191 
 9.715957712e-03      184.1468507 
 9.725825495e-03      184.3539495 
 9.734398869e-03      184.5307641 
 9.746224631e-03      184.7632904 
 9.759484588e-03       185.018673 
 9.768895727e-03      185.1947933 
 9.782678864e-03      185.4480648 
 9.795596334e-03      185.6778425 
 9.809939514e-03      185.9293706 
 9.824912223e-03        186.18293 
 9.836974728e-03      186.3832371 
 9.849217666e-03      186.5836183 
 9.866732651e-03      186.8611746 
 9.881175685e-03      187.0830504 
 9.895501707e-03      187.2913087 
 9.911031977e-03      187.5322024 
 9.922803802e-03      187.7028788 
 9.941977488e-03      187.9755146 
 9.966688717e-03      188.3188526 
 9.981123223e-03      188.5152314 
 1.000141387e-02      188.7842557 
 1.001621240e-02      188.9769711 
 1.003335749e-02      189.1962887 
 1.006424709e-02      189.5815095 
 1.009984921e-02      190.0142992 
 1.011605690e-02      190.2050171 
 1.012839565e-02      190.3462633 
 1.014050207e-02      190.4878827 
 1.016574474e-02      190.7728342 
 1.018301844e-02      190.9479112 
 1.019955446e-02      191.1476491 
 1.022783001e-02      191.4519364 
 1.024759088e-02      191.6610242 
 1.026759990e-02      191.8712436 
 1.028327063e-02      192.0303308 
 1.029919843e-02       192.192528 
 1.031515766e-02      192.3532767 
 1.032873222e-02      192.4885884 
 1.034986442e-02       192.695491 
 1.036602360e-02      192.8529586 
 1.039456335e-02      193.1261396 
 1.040885421e-02      193.2603446 
 1.042321102e-02      193.3946251 
 1.043776280e-02      193.5296576 
 1.045210310e-02      193.6621347 
 1.047190608e-02      193.8420514 
 1.048906357e-02      193.9966255 
 1.050396716e-02       194.128571 
 1.052142921e-02      194.2823419 
 1.055927993e-02      194.6116528 
 1.057965132e-02      194.7856621 
 1.060021308e-02      194.9594384 
 1.063391878e-02      195.2402599 
 1.065755544e-02       195.435283 
 1.067938139e-02       195.589976 
 1.069975682e-02      195.7753547 
 1.072389542e-02      195.9675073 
 1.074521552e-02      196.1364327 
 1.076427654e-02      196.2830326 
 1.078329646e-02      196.4293576 
 1.080244709e-02      196.5761924 
 1.082160293e-02      196.7216938 
 1.084652199e-02      196.9081319 
 1.087436687e-02      197.1153581 
 1.090221608e-02      197.3192438 
 1.093060857e-02      197.5252586 
 1.095322468e-02      197.6875218 
 1.097312578e-02      197.8286031 
 1.099611213e-02      197.9908197 
 1.101612673e-02      198.1298848 
 1.104815577e-02      198.3506137 
 1.108612517e-02      198.6094467 
 1.112418657e-02      198.8643915 
 1.115085330e-02      199.0420244 
 1.117145760e-02      199.1777265 
 1.119533930e-02      199.3336553 
 1.121615934e-02      199.4684902 
 1.124340324e-02       199.642816 
 1.126834196e-02      199.7786455 
 1.128869363e-02      199.9292927 
 1.132534476e-02      200.1577709 
 1.134971286e-02      200.3079316 
 1.137418933e-02      200.4585739 
 1.142082415e-02      200.7396325 
 1.144556912e-02      200.8876096 
 1.146700740e-02      201.0151973 
 1.149239243e-02       201.163395 
 1.151728599e-02      201.3089007 
 1.155489977e-02      201.5276297 
 1.158655524e-02      201.7083046 
 1.161849669e-02      201.8894634 
 1.164397499e-02      202.0317412 
 1.166965511e-02      202.1744012 
 1.169200473e-02      202.2971502 
 1.171805722e-02      202.4392822 
 1.174075445e-02      202.5616128 
 1.175985448e-02      202.6643269 
 1.178621485e-02      202.8046872 
 1.180576502e-02         202.9072 
 1.182529986e-02      203.0099943 
 1.185159140e-02      203.1466483 
 1.187783236e-02      203.2822268 
 1.192428019e-02      203.5194615 
 1.195379922e-02      203.6690629 
 1.198386526e-02      203.8201883 
 1.201396013e-02      203.9690637 
 1.204367374e-02      204.1166733 
 1.208359663e-02      204.3141465 
 1.211009214e-02      204.4431181 
 1.215348550e-02      204.6551045 
 1.217982520e-02      204.7840475 
 1.220283264e-02      204.8960644 
 1.222603540e-02      205.0088153 
 1.224575313e-02      205.1029975 
 1.227256812e-02      205.2300123 
 1.230619933e-02      205.3871007 
 1.234630427e-02      205.5731247 
 1.239708963e-02      205.8026378 
 1.242363102e-02      205.9253681 
 1.245007917e-02      206.0458414 
 1.248032795e-02       206.182131 
 1.251354760e-02      206.3348502 
 1.253967226e-02      206.4533418 
 1.258322078e-02      206.6444051 
 1.261715779e-02      206.7875984 
 1.265150207e-02      206.9282378 
 1.268301681e-02       207.053016 
 1.271836395e-02      207.1924147 
 1.274996763e-02      207.3184441 
 1.277455623e-02      207.4168558 
 1.282061410e-02      207.6020465 
 1.285184164e-02      207.7321468 
 1.288268526e-02      207.8604025 
 1.290609214e-02      207.9574418 
 1.293249844e-02      208.0711965 
 1.296338178e-02      208.2061293 
 1.298988346e-02      208.3176796 
 1.301646172e-02      208.4392979 
 1.304375323e-02      208.5594981 
 1.308271074e-02      208.7236655 
 1.311512681e-02      208.8516012 
 1.315231778e-02      208.9837901 
 1.318364238e-02      209.0840006 
 1.321579206e-02      209.1792299 
 1.329057103e-02      209.3549438 
 1.332595468e-02      209.4298265 
 1.337481752e-02      209.5259708 
 1.341975740e-02      209.6100758 
 1.349935662e-02      209.7468865 
 1.356467589e-02      209.8449184 
 1.360448807e-02      209.8984769 
 1.366123453e-02      209.9651643 
 1.370863690e-02      210.0197468 
 1.375826970e-02      210.0624308 
 1.379132030e-02      210.0940759 
 1.386489584e-02      210.1668647 
 1.395265416e-02      210.2581278 
 1.400022281e-02      210.3097959 
 1.406781752e-02      210.3873335 
 1.411746050e-02      210.4468597 
 1.417510021e-02      210.5191231 
 1.423961525e-02      210.6076696 
 1.427806976e-02      210.6650351 
 1.431682196e-02      210.7252062 
 1.436983389e-02      210.8138425 
 1.442290695e-02      210.9074352 
 1.449913353e-02      211.0522186 
 1.456825455e-02      211.1951924 
 1.462665140e-02      211.3258447 
 1.472754625e-02      211.5771008 
 1.479679566e-02      211.7817985 
 1.488040556e-02      212.0876376 
 1.496448364e-02      212.4247194 
 1.507346936e-02      212.9455654 
 1.517209582e-02       213.484953 
 1.523637686e-02       213.865457 
O1 
 4.667239885e-02      325.3496203 
 4.018150165e-02      326.3592762 
 3.534375215e-02      327.0449507 
 3.074407367e-02      327.5814006 
 2.542743650e-02      327.3072783 
 2.030263587e-02      326.4249251 
 1.406231226e-02      323.9203535 
 9.633423961e-03      321.4538649 
 6.460595848e-03       317.426262 
 3.433565151e-03      305.5420945 
 1.852503001e-03      212.4303021 
 4.792805634e-03      174.5729599 
 9.040522334e-03      166.4808998 
 1.412310562e-02      163.5230103 
 1.856474419e-02      164.6693592 
 2.629688000e-02       167.134245 
 3.374826371e-02      169.3259994 
 4.551440901e-02      169.5006703 
 5.003547559e-02        170.58447 
 5.226804695e-02      171.8239311 
 5.260124082e-02      172.2006213 
 5.268244078e-02      172.3865511 
 5.266602295e-02      172.4824202 
 5.260025845e-02      172.5870958 
 5.253977073e-02      172.6562446 
 5.245566785e-02      172.7403436 
 5.230070777e-02      172.8760882 
 5.213013647e-02       173.007555 
 5.193946205e-02      173.1423167 
 5.163432823e-02      173.3396125 
 5.147537135e-02      173.4349992 
 5.124603064e-02      173.5673318 
 5.107958229e-02      173.6609599 
 5.080767585e-02      173.8104575 
 5.068353563e-02      173.8776341 
 5.053776337e-02      173.9571779 
 5.039303471e-02      174.0360844 
 5.010593861e-02      174.1956152 
 4.992864589e-02      174.2985576 
 4.969190593e-02      174.4402899 
 4.952133048e-02      174.5475593 
 4.924172379e-02      174.7356531 
 4.900778489e-02      174.9051484 
 4.886845640e-02      175.0130747 
 4.872806244e-02      175.1245963 
 4.864688006e-02      175.1954692 
 4.851287857e-02      175.3141078 
 4.838461440e-02      175.4332213 
 4.824135750e-02      175.5735822 
 4.803978688e-02      175.7856348 
 4.791930457e-02       175.920174 
 4.781728326e-02      176.0393376 
 4.770175464e-02      176.1822717 
 4.758739402e-02      176.3288495 
 4.749258947e-02      176.4575779 
 4.737045973e-02      176.6293552 
 4.727639874e-02      176.7659734 
 4.719934181e-02      176.8823564 
 4.709601964e-02      177.0429024 
 4.699620210e-02      177.2076149 
 4.688441341e-02      177.3974341 
 4.681394281e-02      177.5231688 
 4.674349958e-02       177.651243 
 4.666184916e-02      177.8019531 
 4.651277427e-02      178.0903239 
 4.643547761e-02      178.2441672 
 4.634839334e-02      178.4257703 
 4.626249410e-02      178.6105554 
 4.616082825e-02      178.8462634 
 4.599593227e-02      179.2654002 
 4.592372968e-02      179.4641845 
 4.583288328e-02      179.7209837 
 4.571877771e-02      180.0540854 
 4.561582847e-02      180.3733341 
 4.555231387e-02      180.5864007 
 4.549151077e-02      180.8004166 
 4.546399440e-02      181.0279876 
 4.537281797e-02      181.2437049 
 4.530974358e-02      181.4975721 
 4.526419076e-02      181.6946072 
 4.521839430e-02      181.8950714 
 4.516699427e-02      182.1269368 
 4.512573871e-02      182.3282278 
 4.508541663e-02      182.5310517 
 4.503467383e-02      182.7989736 
 4.499192895e-02      183.0348817 
 4.495590452e-02      183.2425743 
 4.492610574e-02      183.4221242 
 4.489704812e-02      183.6013696 
 4.486544701e-02      183.8130686 
 4.483086045e-02      184.0554827 
 4.480180242e-02      184.2703905 
 4.477746293e-02      184.4520073 
 4.474937902e-02      184.6998032 
 4.470915722e-02      185.0726024 
 4.468129295e-02      185.3561934 
 4.466124752e-02        185.57293 
 4.462721425e-02      186.0207658 
 4.460869560e-02      186.2764589 
 4.459735793e-02      186.4666671 
 4.458706292e-02      186.6602593 
 4.457521942e-02      186.8876586 
 4.456742015e-02      187.0449046 
 4.455699682e-02      187.3388189 
 4.454944972e-02      187.5979497 
 4.454214075e-02      187.8606027 
 4.453861287e-02      188.0532207 
 4.453630646e-02      188.2830789 
 4.453503064e-02       188.546159 
 4.453557245e-02      188.8443648 
 4.453911280e-02      189.1082956 
 4.454858740e-02      189.5744031 
 4.455656585e-02      189.8407399 
 4.456492885e-02      190.0758533 
 4.457213369e-02      190.2728257 
 4.459093466e-02      190.6445931 
 4.460646084e-02      190.9123683 
 4.462363331e-02      191.1806066 
 4.464503539e-02        191.48356 
 4.466839331e-02      191.7863705 
 4.469733061e-02      192.1263237 
 4.472236745e-02      192.3985933 
 4.474222914e-02       192.598484 
 4.478933096e-02       193.041229 
 4.482464514e-02      193.3463017 
 4.486701879e-02      193.6879569 
 4.491108261e-02      194.0257982 
 4.496991685e-02       194.437621 
 4.505028077e-02      194.7406893 
 4.505249620e-02      194.9809015 
 4.511966237e-02      195.3881397 
 4.516679120e-02      195.6625397 
 4.520817257e-02      195.8970819 
 4.526629394e-02      196.2057681 
 4.533241581e-02      196.5454195 
 4.537993568e-02      196.7799494 
 4.545014060e-02      197.1174969 
 4.551694548e-02      197.4242776 
 4.559169384e-02      197.7603202 
 4.567075141e-02      198.0995208 
 4.573525120e-02      198.3678781 
 4.580118940e-02      198.6360788 
 4.589655698e-02      199.0079557 
 4.597608587e-02      199.3054696 
 4.605589884e-02      199.5849817 
 4.614256347e-02      199.9081341 
 4.620894433e-02      200.1373598 
 4.631764246e-02      200.5036849 
 4.645934564e-02      200.9650981 
 4.654299740e-02      201.2291363 
 4.666125091e-02      201.5905188 
 4.674805389e-02      201.8494381 
 4.684921217e-02      202.1441567 
 4.703306264e-02      202.6615634 
 4.724782171e-02      203.2427607 
 4.734594510e-02       203.498583 
 4.742096585e-02      203.6880427 
 4.749519802e-02      203.8780178 
 4.765047654e-02      204.2599548 
 4.775763641e-02      204.4944261 
 4.786003906e-02      204.7622278 
 4.803669292e-02      205.1692586 
 4.816082596e-02      205.4488021 
 4.828701476e-02      205.7297599 
 4.838631248e-02      205.9422405 
 4.848749675e-02      206.1588202 
 4.858923574e-02      206.3734039 
 4.867585659e-02      206.5538012 
 4.881126044e-02      206.8295101 
 4.891517433e-02      207.0392384 
 4.909944838e-02      207.4027543 
 4.919204754e-02      207.5811695 
 4.928525650e-02      207.7596083 
 4.937996712e-02      207.9388547 
 4.947351067e-02      208.1145483 
 4.960317804e-02      208.3530651 
 4.971591944e-02      208.5579105 
 4.981380222e-02      208.7324496 
 4.992876314e-02      208.9357533 
 5.017934627e-02      209.3705803 
 5.031442001e-02      209.5999612 
 5.045139857e-02      209.8287788 
 5.067656135e-02      210.1980888 
 5.083493134e-02      210.4542234 
 5.098284350e-02      210.6553166 
 5.111887528e-02      210.8997948 
 5.128186125e-02      211.1511747 
 5.142635135e-02      211.3720072 
 5.155527897e-02      211.5632228 
 5.168419601e-02      211.7540518 
 5.181460377e-02      211.9450719 
 5.194509269e-02      212.1343177 
 5.211493978e-02       212.376661 
 5.230552790e-02      212.6454323 
 5.249619494e-02      212.9095264 
 5.269107939e-02      213.1761518 
 5.284677452e-02      213.3859197 
 5.298371493e-02      213.5679991 
 5.314212654e-02      213.7772902 
 5.328047794e-02      213.9564077 
 5.350168221e-02      214.2405393 
 5.376459979e-02      214.5732813 
 5.402808196e-02      214.9005897 
 5.421307491e-02      215.1285652 
 5.435618902e-02      215.3025768 
 5.452190056e-02       215.502518 
 5.466649086e-02      215.6751352 
 5.485591377e-02       215.897935 
 5.503293525e-02      216.0666212 
 5.517045716e-02      216.2637157 
 5.542538246e-02       216.554938 
 5.559443582e-02      216.7461636 
 5.576477743e-02       216.937995 
 5.608818637e-02      217.2956342 
 5.625987682e-02      217.4839303 
 5.640889354e-02      217.6461865 
 5.658396248e-02      217.8352081 
 5.675584284e-02      218.0208656 
 5.701558140e-02      218.2999295 
 5.723327800e-02      218.5302715 
 5.745312377e-02       218.760636 
 5.762817753e-02      218.9408571 
 5.780437669e-02      219.1213371 
 5.795799826e-02      219.2758694 
 5.813652398e-02      219.4542829 
 5.829198805e-02      219.6073574 
 5.842273041e-02      219.7354991 
 5.860310080e-02      219.9103491 
 5.873637874e-02      220.0375484 
 5.886912161e-02      220.1653974 
 5.904814786e-02      220.3346724 
 5.922586285e-02      220.5028125 
 5.953954384e-02       220.796717 
 5.973833210e-02      220.9818583 
 5.993998556e-02      221.1686191 
 6.014103741e-02      221.3517379 
 6.033975076e-02      221.5329264 
 6.060630666e-02      221.7748494 
 6.078285114e-02      221.9324637 
 6.107185252e-02      222.1908227 
 6.124740656e-02      222.3477596 
 6.140057192e-02      222.4837543 
 6.155460405e-02      222.6205693 
 6.168559396e-02      222.7342486 
 6.186329024e-02      222.8874387 
 6.208682465e-02      223.0745398 
 6.235357570e-02      223.2940732 
 6.269102678e-02        223.56231 
 6.286864274e-02      223.7053132 
 6.304587274e-02      223.8454724 
 6.324886305e-02      224.0039086 
 6.347386349e-02      224.1809862 
 6.365125352e-02      224.3172057 
 6.394628733e-02       224.534425 
 6.417548120e-02      224.6947961 
 6.440681457e-02      224.8503752 
 6.461810796e-02      224.9869107 
 6.485558229e-02      225.1381695 
 6.506921610e-02      225.2740211 
 6.523592763e-02      225.3796345 
 6.555183548e-02      225.5779407 
 6.576943620e-02      225.7166877 
 6.598672744e-02      225.8533764 
 6.615287200e-02      225.9565735 
 6.634362836e-02      226.0777325 
 6.657137062e-02      226.2200407 
 6.676151256e-02      226.3404085 
 6.695909126e-02      226.4711827 
 6.715885117e-02      226.6006879 
 6.744073969e-02      226.7762452 
 6.767102681e-02      226.9114963 
 6.792749332e-02      227.0480592 
 6.813626357e-02      227.1502699 
 6.834596585e-02      227.2472937 
 6.880787726e-02      227.4301108 
 6.902260382e-02      227.5091498 
 6.931661445e-02      227.6111794 
 6.958493673e-02      227.7005334 
 7.005385741e-02      227.8459427 
 7.042524905e-02      227.9546947 
 7.064712505e-02      228.0157711 
 7.095180166e-02      228.0970124 
 7.121906059e-02      228.1575194 
 7.145672248e-02      228.2200835 
 7.162563252e-02      228.2602559 
 7.200122397e-02      228.3470844 
 7.244463810e-02       228.448518 
 7.268202192e-02      228.5034298 
 7.301796935e-02      228.5826887 
 7.326421109e-02      228.6413412 
 7.354950759e-02      228.7106778 
 7.387011973e-02      228.7928501 
 7.406289103e-02      228.8445089 
 7.425715073e-02      228.8981773 
 7.452698050e-02      228.9754364 
 7.479900747e-02       229.056023 
 7.519545137e-02      229.1795064 
 7.556067660e-02      229.3032039 
 7.587158041e-02      229.4180437 
 7.641343072e-02       229.643197 
 7.679155882e-02      229.8314052 
 7.725774185e-02      230.1200761 
 7.773125082e-02      230.4417533 
 7.835144910e-02      230.9501213 
 7.891190028e-02      231.4850024 
 7.927862652e-02      231.8656132 
P1 
 1.702253736e-02      44.63506834 
 1.565023681e-02      52.45054282 
 1.481118199e-02      58.85292829 
 1.416032853e-02      65.35741227 
 1.348491693e-02       72.8905454 
 1.300965976e-02       80.5463291 
 1.269199051e-02      90.20518725 
 1.273437652e-02      97.09545555 
 1.286423598e-02      101.9542361 
 1.305771600e-02      106.5997264 
 1.334185063e-02      112.2582481 
 1.363804873e-02      117.0785577 
 1.408179375e-02       122.826158 
 1.474960659e-02      129.1372128 
 1.524958502e-02        134.61133 
 1.615653149e-02      143.6808246 
 1.715950510e-02      151.8058265 
 1.954956840e-02      162.3235386 
 2.043315916e-02      166.2259261 
 2.077602739e-02      168.3737174 
 2.081686998e-02      168.7182408 
 2.084452582e-02      168.7849233 
 2.086013964e-02      168.7650022 
 2.086430134e-02      168.7256279 
 2.085833462e-02      168.6989451 
 2.084455970e-02      168.6694188 
 2.081217174e-02       168.626887 
 2.077133970e-02      168.5875234 
 2.072303992e-02      168.5524227 
 2.064349737e-02      168.5033662 
 2.060194291e-02      168.4838717 
 2.054136399e-02      168.4589347 
 2.049719942e-02      168.4444788 
 2.042494641e-02      168.4296696 
 2.039170856e-02      168.4256033 
 2.035248252e-02      168.4246948 
 2.031327387e-02      168.4264445 
 2.023397751e-02      168.4408812 
 2.018440090e-02      168.4600755 
 2.011655304e-02      168.4937335 
 2.006674831e-02      168.5267015 
 1.998274361e-02      168.5970401 
 1.991028065e-02      168.6726178 
 1.986587126e-02      168.7259094 
 1.982017827e-02      168.7832431 
 1.979318735e-02      168.8231212 
 1.974814392e-02      168.8907514 
 1.970407814e-02      168.9626403 
 1.965367449e-02      169.0498317 
 1.958063881e-02      169.1873464 
 1.953584174e-02      169.2777199 
 1.949713734e-02      169.3596115 
 1.945226511e-02      169.4600939 
 1.940697371e-02      169.5646481 
 1.936864704e-02       169.658418 
 1.931837057e-02      169.7855411 
 1.927892115e-02      169.8882706 
 1.924594292e-02      169.9768635 
 1.920119811e-02      170.0999423 
 1.915661517e-02      170.2283208 
 1.910596264e-02      170.3774673 
 1.907350718e-02      170.4773224 
 1.904051951e-02      170.5804348 
 1.900193285e-02      170.7024413 
 1.892951327e-02      170.9380031 
 1.889119982e-02      171.0662765 
 1.884716556e-02      171.2184128 
 1.880280262e-02      171.3732714 
 1.874907870e-02      171.5744952 
 1.865776323e-02      171.9339883 
 1.861618260e-02      172.1065213 
 1.856272294e-02      172.3308005 
 1.849399146e-02      172.6244305 
 1.842973949e-02      172.9081952 
 1.838851336e-02      173.0994236 
 1.834813627e-02       173.293395 
 1.831927062e-02      173.5120117 
 1.826617639e-02      173.6956316 
 1.822068794e-02      173.9289739 
 1.818645058e-02      174.1113105 
 1.815169415e-02      174.2970976 
 1.811195885e-02      174.5137277 
 1.807857221e-02      174.7032562 
 1.804514711e-02      174.8948419 
 1.800177755e-02      175.1493481 
 1.796419094e-02      175.3747558 
 1.793159953e-02      175.5745056 
 1.790383065e-02      175.7479969 
 1.787625082e-02      175.9217149 
 1.784469017e-02      176.1284507 
 1.780910761e-02      176.3664159 
 1.777781778e-02      176.5786689 
 1.775139130e-02      176.7584636 
 1.771743149e-02      177.0060549 
 1.766657555e-02      177.3802415 
 1.762876685e-02      177.6669544 
 1.760040721e-02      177.8872737 
 1.754364576e-02      178.3456524 
 1.751183958e-02       178.609476 
 1.748898919e-02       178.807126 
 1.746595442e-02      179.0090931 
 1.743905105e-02      179.2469129 
 1.742065834e-02      179.4118395 
 1.738763246e-02      179.7233105 
 1.735884931e-02      180.0000409 
 1.733008045e-02      180.2805422 
 1.730961520e-02      180.4877543 
 1.728573439e-02      180.7370326 
 1.725900496e-02      181.0232065 
 1.722951810e-02      181.3490832 
 1.720415493e-02      181.6400423 
 1.716091931e-02      182.1569047 
 1.713709153e-02      182.4553685 
 1.711655595e-02      182.7202421 
 1.709954006e-02        182.94233 
 1.706935539e-02      183.3657219 
 1.704831713e-02      183.6729318 
 1.702785604e-02      183.9819971 
 1.700545685e-02      184.3332524 
 1.698385792e-02      184.6865243 
 1.696082126e-02       185.085879 
 1.694308409e-02      185.4078341 
 1.693071089e-02      185.6454794 
 1.690464093e-02      186.1750708 
 1.688774969e-02      186.5428275 
 1.687007493e-02      186.9578421 
 1.685350671e-02       187.370449 
 1.683563250e-02      187.8781725 
 1.683858473e-02      188.2713454 
 1.681442185e-02      188.5543404 
 1.680085177e-02      189.0662794 
 1.679247104e-02      189.4133277 
 1.678582734e-02      189.7112044 
 1.677871161e-02      190.1062475 
 1.677193557e-02      190.5435703 
 1.676812648e-02      190.8473129 
 1.676357098e-02      191.2866112 
 1.676097017e-02       191.688734 
 1.675891203e-02      192.1312535 
 1.675857772e-02      192.5810505 
 1.675931744e-02      192.9388649 
 1.676071936e-02      193.2981959 
 1.676458171e-02      193.7995727 
 1.676925344e-02      194.2033213 
 1.677606130e-02      194.5859921 
 1.678155690e-02      195.0271389 
 1.678781858e-02      195.3429158 
 1.679924311e-02      195.8496484 
 1.681604654e-02      196.4924148 
 1.682712979e-02      196.8630731 
 1.684402741e-02      197.3727767 
 1.685734235e-02      197.7396022 
 1.687381097e-02      198.1589266 
 1.690606663e-02      198.9003512 
 1.694693474e-02      199.7395023 
 1.696691841e-02      200.1114977 
 1.698293848e-02      200.3883022 
 1.699855562e-02      200.6658315 
 1.703315122e-02      201.2274429 
 1.706025789e-02      201.5775944 
 1.708172410e-02      201.9699592 
 1.712501556e-02      202.5761241 
 1.715631442e-02       202.993933 
 1.718870563e-02      203.4153835 
 1.721526944e-02      203.7363885 
 1.724240797e-02      204.0634525 
 1.727011801e-02      204.3882624 
 1.729417361e-02      204.6622713 
 1.733253577e-02       205.082462 
 1.736226722e-02      205.4027012 
 1.741626363e-02      205.9597855 
 1.744397318e-02      206.2341818 
 1.747206195e-02      206.5089362 
 1.750097109e-02      206.7855068 
 1.752980293e-02      207.0570098 
 1.757048610e-02      207.4266741 
 1.760628007e-02      207.7447709 
 1.763776264e-02      208.0163723 
 1.767500883e-02      208.3331584 
 1.775791378e-02      209.0122445 
 1.780325623e-02       209.371782 
 1.784992770e-02      209.7310438 
 1.792771685e-02      210.3121885 
 1.798311097e-02      210.7158613 
 1.803911748e-02         211.0391 
 1.808460639e-02      211.4205614 
 1.814369167e-02       211.818814 
 1.819649394e-02      212.1686934 
 1.824432478e-02      212.4730126 
 1.829233155e-02      212.7766075 
 1.834137188e-02      213.0804155 
 1.839074440e-02      213.3818409 
 1.845558844e-02      213.7687349 
 1.852900614e-02      214.1974147 
 1.860324654e-02      214.6194686 
 1.867978960e-02      215.0458692 
 1.874150590e-02      215.3816021 
 1.879620161e-02      215.6734517 
 1.885976460e-02       216.008862 
 1.891581093e-02      216.2962188 
 1.900586545e-02      216.7520333 
 1.911401557e-02      217.2864441 
 1.922333115e-02      217.8121646 
 1.930064089e-02      218.1784757 
 1.936084759e-02      218.4582004 
 1.943091987e-02      218.7795064 
 1.949238439e-02       219.056989 
 1.957344412e-02       219.415206 
 1.965407252e-02      219.6900722 
 1.970895121e-02      220.0024075 
 1.981979561e-02      220.4701776 
 1.989362238e-02      220.7768984 
 1.996838274e-02      221.0848956 
 2.011105845e-02      221.6586951 
 2.018724543e-02      221.9609184 
 2.025363874e-02      222.2213142 
 2.033172231e-02      222.5248175 
 2.040858093e-02      222.8227159 
 2.052530764e-02      223.2703016 
 2.062364233e-02      223.6395319 
 2.072352236e-02      224.0081619 
 2.080360367e-02      224.2960451 
 2.088442345e-02      224.5838998 
 2.095538509e-02      224.8299118 
 2.103809506e-02      225.1132332 
 2.111047265e-02      225.3558754 
 2.117163843e-02      225.5587134 
 2.125627658e-02      225.8351436 
 2.131900185e-02      226.0360994 
 2.138134327e-02       226.237815 
 2.146619839e-02       226.504853 
 2.155023983e-02      226.7700296 
 2.169908585e-02      227.2332167 
 2.179378692e-02       227.524573 
 2.188998189e-02      227.8180423 
 2.198644634e-02      228.1053037 
 2.208238456e-02      228.3889153 
 2.221178690e-02      228.7671149 
 2.229791660e-02      229.0134659 
 2.244008578e-02      229.4161045 
 2.252723738e-02      229.6605103 
 2.260363021e-02      229.8722089 
 2.268057995e-02      230.0852332 
 2.274642062e-02      230.2620354 
 2.283576951e-02      230.5002961 
 2.294913111e-02      230.7921637 
 2.308519151e-02      231.1331838 
 2.325834860e-02      231.5504524 
 2.335039328e-02      231.7720331 
 2.344274046e-02      231.9894638 
 2.354909052e-02      232.2355522 
 2.366853957e-02      232.5095735 
 2.376366144e-02      232.7202349 
 2.392185571e-02      233.0561586 
 2.404451968e-02      233.3047311 
 2.416817094e-02      233.5464156 
 2.428052551e-02      233.7582257 
 2.440773234e-02      233.9911279 
 2.452292197e-02      234.1983384 
 2.461310944e-02      234.3584736 
 2.478657371e-02      234.6573989 
 2.490824404e-02       234.865167 
 2.503161354e-02      235.0701896 
 2.512690896e-02      235.2252163 
 2.523876404e-02      235.4065397 
 2.537569842e-02      235.6158492 
 2.548718569e-02      235.7964964 
 2.560764074e-02      235.9866695 
 2.572776795e-02      236.1748396 
 2.589551508e-02      236.4295149 
 2.602999563e-02      236.6269785 
 2.617462831e-02      236.8309299 
 2.628787444e-02       236.985293 
 2.639855894e-02       237.134296 
 2.662397835e-02      237.4392882 
 2.672589246e-02      237.5784773 
 2.686343497e-02      237.7654129 
 2.698741928e-02      237.9328094 
 2.720017026e-02      238.2145456 
 2.735878572e-02      238.4369684 
 2.745062484e-02      238.5665952 
 2.756750355e-02      238.7482042 
 2.768076206e-02      238.8867441 
 2.774958495e-02      239.0390159 
 2.780824801e-02       239.134232 
 2.793925600e-02      239.3335732 
 2.809164223e-02      239.5521567 
 2.817180863e-02      239.6650635 
 2.828450432e-02      239.8194167 
 2.836739993e-02      239.9279254 
 2.846358912e-02      240.0505534 
 2.857302015e-02      240.1863331 
 2.864074217e-02      240.2660834 
 2.870912296e-02      240.3467307 
 2.880757941e-02      240.4562867 
 2.890854101e-02      240.5662158 
 2.906146035e-02      240.7239388 
 2.920803146e-02      240.8723318 
 2.933539946e-02      241.0049719 
 2.956183531e-02      241.2578247 
 2.972500902e-02      241.4649874 
 2.993224129e-02      241.7810169 
 3.014471380e-02      242.1321286 
 3.042267923e-02      242.6873517 
 3.066687849e-02      243.2714404 
 3.082476287e-02      243.6866384 
K1 
 5.905745127e-02      33.72364725 
 5.321672463e-02      40.48104599 
 4.935505686e-02      46.26055065 
 4.608703932e-02      52.38803292 
 4.254818971e-02      59.80709043 
 3.971014227e-02      67.84663715 
 3.722651935e-02      78.82695485 
 3.652214396e-02      87.35410733 
 3.647285741e-02      93.56970349 
 3.675172022e-02      99.61327604 
 3.739541532e-02      106.8634108 
 3.822277507e-02      112.9302337 
 3.958286714e-02      119.9428052 
 4.174081374e-02      127.4694718 
 4.327672274e-02      133.8299552 
 4.642185835e-02      143.8837472 
 5.007945192e-02      152.3605963 
 5.871687978e-02      161.4490613 
 6.175148006e-02      165.0917921 
 6.294290859e-02      167.2829847 
 6.309003412e-02      167.6575581 
 6.316484456e-02      167.7412811 
 6.319127988e-02      167.7318135 
 6.317049182e-02      167.7012076 
 6.312740052e-02      167.6774499 
 6.305476551e-02      167.6492796 
 6.290508111e-02      167.5996648 
 6.273443791e-02      167.5443266 
 6.254441238e-02      167.4854575 
 6.224882000e-02      167.3897366 
 6.210218777e-02       167.342162 
 6.189469006e-02       167.274646 
 6.174794134e-02      167.2277143 
 6.151687288e-02       167.157353 
 6.141352068e-02      167.1276721 
 6.129403097e-02      167.0960423 
 6.117657611e-02      167.0670749 
 6.094701143e-02      167.0205135 
 6.080835097e-02      167.0018094 
 6.062286833e-02      166.9858315 
 6.049040143e-02      166.9829528 
 6.027185157e-02      166.9958594 
 6.008866055e-02      167.0245585 
 5.997835324e-02      167.0506679 
 5.986554318e-02      167.0816061 
 5.980031973e-02      167.1062926 
 5.969156985e-02       167.149276 
 5.958638442e-02      167.1982456 
 5.946723663e-02       167.260076 
 5.929694614e-02      167.3629299 
 5.919359014e-02      167.4333625 
 5.910487019e-02      167.4986727 
 5.900265258e-02      167.5807223 
 5.889974309e-02      167.6676437 
 5.881388553e-02      167.7473842 
 5.870102344e-02      167.8568081 
 5.861220475e-02      167.9462707 
 5.853870117e-02      168.0249127 
 5.843914098e-02      168.1349388 
 5.834016107e-02      168.2504589 
 5.822798485e-02      168.3859857 
 5.815653908e-02      168.4773151 
 5.808387449e-02      168.5725112 
 5.799871964e-02      168.6855903 
 5.783919450e-02      168.9061096 
 5.775452863e-02      169.0270116 
 5.765729668e-02       169.170847 
 5.755881785e-02      169.3180008 
 5.744119967e-02      169.5109383 
 5.724052527e-02      169.8557727 
 5.714905328e-02      170.0217167 
 5.703065157e-02       170.238486 
 5.687782646e-02      170.5235241 
 5.673412940e-02      170.7994741 
 5.664192406e-02      170.9857471 
 5.655190324e-02       171.175403 
 5.649391316e-02       171.388179 
 5.636722298e-02      171.5688364 
 5.626525187e-02      171.7976924 
 5.618782163e-02       171.976679 
 5.610881916e-02      172.1591098 
 5.601839452e-02      172.3724771 
 5.594259933e-02      172.5592726 
 5.586643521e-02      172.7483618 
 5.576728396e-02      172.9993279 
 5.568110513e-02      173.2217385 
 5.560586570e-02       173.419297 
 5.554148729e-02      173.5909186 
 5.547708489e-02      173.7628143 
 5.540395834e-02      173.9677531 
 5.532191965e-02      174.2041636 
 5.524854213e-02      174.4142516 
 5.518643780e-02       174.592104 
 5.510708335e-02      174.8383051 
 5.498697282e-02      175.2100418 
 5.489729846e-02      175.4948355 
 5.483014350e-02      175.7138032 
 5.469490151e-02      176.1685659 
 5.461845182e-02      176.4312503 
 5.456358942e-02      176.6279463 
 5.450768327e-02      176.8287776 
 5.444233429e-02      177.0653468 
 5.439763891e-02       177.229447 
 5.431752378e-02      177.5394043 
 5.424749882e-02      177.8147704 
 5.417676247e-02      178.0943759 
 5.412651083e-02      178.3008927 
 5.406722436e-02      178.5492757 
 5.400091627e-02      178.8344795 
 5.392774233e-02       179.159339 
 5.386452606e-02      179.4489341 
 5.375663138e-02      179.9637924 
 5.369655866e-02      180.2613351 
 5.364477908e-02      180.5254078 
 5.360119725e-02      180.7468148 
 5.352437944e-02      181.1691473 
 5.347075189e-02      181.4757753 
 5.341827282e-02      181.7838958 
 5.336079727e-02      182.1338957 
 5.330523001e-02       182.485919 
 5.324554643e-02      182.8841338 
 5.319909433e-02      183.2055009 
 5.316677381e-02      183.4426832 
 5.309803314e-02      183.9708588 
 5.305354611e-02      184.3375292 
 5.300700262e-02      184.7514804 
 5.296273886e-02      185.1629158 
 5.291477186e-02      185.6695811 
 5.292711240e-02      186.0631978 
 5.285725495e-02      186.3446775 
 5.281987975e-02      186.8562142 
 5.279640892e-02      187.2027207 
 5.277774734e-02      187.5002176 
 5.275752371e-02      187.8951173 
 5.273788470e-02      188.3319735 
 5.272669749e-02      188.6354987 
 5.271271414e-02       189.075624 
 5.270413968e-02      189.4784839 
 5.269655202e-02      189.9220917 
 5.269367841e-02      190.3732826 
 5.269432551e-02      190.7322768 
 5.269640413e-02      191.0933162 
 5.270478112e-02      191.5970283 
 5.271592663e-02      192.0027966 
 5.273336355e-02      192.3881414 
 5.274605597e-02      192.8323997 
 5.276215744e-02      193.1507098 
 5.279185193e-02      193.6618531 
 5.283587885e-02      194.3108839 
 5.286546840e-02      194.6858802 
 5.291066157e-02      195.2014022 
 5.294659584e-02      195.5728126 
 5.299143686e-02      195.9977655 
 5.307976941e-02      196.7496533 
 5.319277040e-02      197.6019224 
 5.324840885e-02      197.9801317 
 5.329339685e-02       198.261769 
 5.333683032e-02      198.5441288 
 5.343401088e-02      199.1161419 
 5.351184189e-02      199.4734462 
 5.357106523e-02      199.8734279 
 5.369399746e-02       200.492263 
 5.378305590e-02      200.9192866 
 5.387531957e-02      201.3504333 
 5.395144997e-02      201.6791957 
 5.402917056e-02      202.0142182 
 5.410884172e-02      202.3470091 
 5.417779332e-02      202.6281236 
 5.428833724e-02      203.0593784 
 5.437421491e-02      203.3881703 
 5.453026014e-02      203.9608906 
 5.461068037e-02      204.2431607 
 5.469237815e-02      204.5258397 
 5.477643210e-02      204.8106808 
 5.486022243e-02      205.0905522 
 5.497895020e-02      205.4716893 
 5.508372398e-02      205.7996507 
 5.517584378e-02      206.0802949 
 5.528503003e-02      206.4076404 
 5.552867549e-02      207.1099277 
 5.566222368e-02      207.4821968 
 5.579997097e-02      207.8544497 
 5.602996201e-02      208.4572243 
 5.619401744e-02      208.8763242 
 5.636261095e-02      209.2126191 
 5.649563135e-02      209.6086595 
 5.667147906e-02      210.0230938 
 5.682884293e-02       210.387561 
 5.697175730e-02      210.7047191 
 5.711531321e-02      211.0212434 
 5.726211804e-02      211.3383209 
 5.741005908e-02       211.653046 
 5.760463370e-02      212.0572134 
 5.782542849e-02      212.5055187 
 5.804893615e-02       212.947309 
 5.827968173e-02      213.3940465 
 5.846605498e-02      213.7460485 
 5.863141940e-02      214.0522024 
 5.882383743e-02      214.4042806 
 5.899392185e-02      214.7061967 
 5.926732676e-02      215.1853512 
 5.959631395e-02       215.747581 
 5.992934850e-02      216.3012089 
 6.016515873e-02       216.687343 
 6.034908274e-02      216.9823427 
 6.056324897e-02      217.3215084 
 6.075133654e-02       217.614593 
 6.099976704e-02      217.9931605 
 6.124980945e-02      218.2844675 
 6.141540928e-02      218.6144499 
 6.175618594e-02      219.1095979 
 6.198329093e-02      219.4344129 
 6.221352760e-02      219.7609142 
 6.265356653e-02      220.3691702 
 6.288877610e-02      220.6899639 
 6.309398866e-02      220.9665112 
 6.333524698e-02      221.2890955 
 6.357292939e-02      221.6057566 
 6.393432812e-02      222.0817854 
 6.423920339e-02       222.474791 
 6.454899750e-02      222.8673478 
 6.479799719e-02      223.1739336 
 6.504943047e-02      223.4805342 
 6.527035598e-02      223.7426037 
 6.552812765e-02      224.0447319 
 6.575399929e-02      224.3036184 
 6.594494848e-02      224.5200188 
 6.620943459e-02      224.8149489 
 6.640574039e-02      225.0294897 
 6.660077584e-02      225.2448649 
 6.686624802e-02      225.5300755 
 6.712944601e-02      225.8132346 
 6.759617207e-02      226.3079861 
 6.789335288e-02      226.6193769 
 6.819563561e-02      226.9330247 
 6.849882803e-02      227.2403312 
 6.880060499e-02      227.5436395 
 6.920798744e-02      227.9482541 
 6.947944094e-02      228.2120015 
 6.992798988e-02      228.6426468 
 7.020324636e-02      228.9044818 
 7.044464850e-02      229.1312718 
 7.068784630e-02      229.3594964 
 7.089601367e-02      229.5489286 
 7.117853901e-02      229.8042784 
 7.153755025e-02      230.1169703 
 7.196836565e-02      230.4825324 
 7.251739448e-02      230.9300946 
 7.280946079e-02      231.1679125 
 7.310275799e-02      231.4012217 
 7.344081772e-02       231.665226 
 7.382114115e-02      231.9590438 
 7.412419361e-02      232.1850966 
 7.462827194e-02      232.5457354 
 7.501916356e-02      232.8126927 
 7.541330329e-02      233.0722792 
 7.577152036e-02      233.2998516 
 7.617718582e-02      233.5502708 
 7.654499863e-02      233.7727665 
 7.683320889e-02      233.9445582 
 7.738814458e-02      234.2649758 
 7.777823467e-02      234.4873455 
 7.817418605e-02      234.7068763 
 7.848035664e-02      234.8728401 
 7.884043346e-02      235.0666567 
 7.928224786e-02      235.2896831 
 7.964108476e-02      235.4823628 
 8.003034912e-02      235.6846086 
 8.041811382e-02      235.8848117 
 8.095942987e-02      236.1558928 
 8.139312933e-02      236.3663947 
 8.185787333e-02       236.584561 
 8.222087083e-02      236.7503459 
 8.257501173e-02      236.9108354 
 8.329229438e-02      237.2425014 
 8.361617839e-02      237.3945255 
 8.405314967e-02      237.5994166 
 8.444683340e-02      237.7834131 
 8.512228809e-02      238.0936248 
 8.562344909e-02      238.3399329 
 8.591317037e-02      238.4838619 
 8.627953598e-02      238.6870986 
 8.663924754e-02      238.8420037 
 8.684754922e-02      239.0139432 
 8.703000863e-02      239.1211475 
 8.743743079e-02      239.3460606 
 8.791119982e-02      239.5923144 
 8.815957518e-02      239.7194693 
 8.850869566e-02      239.8932121 
 8.876564978e-02      240.0149476 
 8.906382219e-02      240.1520262 
 8.940390749e-02      240.3030622 
 8.961508338e-02       240.391158 
 8.982830775e-02      240.4800719 
 9.013674617e-02      240.5998593 
 9.045365608e-02      240.7194417 
 9.093587470e-02        240.88872 
 9.140077013e-02       241.045554 
 9.180745420e-02      241.1835793 
 9.253529545e-02      241.4438907 
 9.306468238e-02       241.655592 
 9.374595249e-02      241.9777186 
 9.444977390e-02      242.3358108 
 9.538511938e-02       242.904755 
 9.622277191e-02      243.5073379 
 9.677217167e-02       243.936788 
N2 
 1.097967889e-01      323.5781957 
 1.112779315e-01      324.1371408 
 1.122623071e-01      324.5152398 
 1.131196635e-01      324.8604151 
 1.137314134e-01      325.1888308 
 1.141535744e-01      325.4910562 
 1.143872696e-01      325.8507737 
 1.143285403e-01      326.1420689 
 1.141710049e-01      326.3469628 
 1.138910873e-01      326.5422757 
 1.133592229e-01      326.7272747 
 1.127543355e-01      326.8468442 
 1.117775921e-01      326.9267072 
 1.104578790e-01      326.9793042 
 1.091209657e-01      326.9456741 
 1.068248969e-01      326.6848893 
 1.046606955e-01      326.2492167 
 1.007588262e-01      325.0770227 
 9.886288328e-02      324.6955314 
 9.741592108e-02      324.6316038 
 9.689434808e-02      324.7280264 
 9.648844799e-02      324.8865356 
 9.621099846e-02      325.0527401 
 9.587998812e-02      325.2709792 
 9.567803790e-02      325.4119938 
 9.544286163e-02      325.5749971 
 9.508298981e-02       325.833899 
 9.476378853e-02      326.0711158 
 9.443457072e-02      326.3072395 
 9.395732439e-02       326.652902 
 9.371721902e-02      326.8252132 
 9.338221042e-02      327.0629972 
 9.314289552e-02      327.2319734 
 9.275164400e-02      327.5070762 
 9.257341661e-02      327.6319565 
 9.236271348e-02      327.7768213 
 9.215196138e-02      327.9185229 
 9.173180373e-02      328.2014003 
 9.146399540e-02      328.3787962 
 9.110394253e-02      328.6117338 
 9.083846404e-02      328.7804995 
 9.039287746e-02      329.0571726 
 9.000933838e-02      329.2914127 
 8.977557137e-02      329.4293749 
 8.953730047e-02      329.5645973 
 8.939541086e-02      329.6465931 
 8.916001155e-02       329.780814 
 8.892757689e-02       329.909781 
 8.866439999e-02      330.0505005 
 8.828112784e-02      330.2487474 
 8.804464049e-02      330.3677038 
 8.784204299e-02      330.4664054 
 8.760464319e-02      330.5786801 
 8.736411605e-02      330.6888149 
 8.716020106e-02      330.7808989 
 8.689335934e-02      330.8975232 
 8.668456406e-02      330.9848482 
 8.651201519e-02      331.0583091 
 8.627807609e-02      331.1578485 
 8.604267528e-02       331.249328 
 8.577501379e-02      331.3522065 
 8.560251190e-02      331.4192019 
 8.542841477e-02      331.4831121 
 8.522525767e-02      331.5565867 
 8.486184538e-02      331.6947339 
 8.467016639e-02      331.7646968 
 8.445049264e-02      331.8450301 
 8.423056776e-02      331.9222331 
 8.394138874e-02       332.011074 
 8.341735592e-02      332.1471747 
 8.316997028e-02      332.2097547 
 8.286610925e-02      332.2882732 
 8.248712950e-02      332.3898345 
 8.213082796e-02      332.4807568 
 8.189374942e-02      332.5374361 
 8.164977256e-02      332.5937217 
 8.143759626e-02      332.6521228 
 8.114536176e-02      332.6939494 
 8.085407640e-02      332.7499555 
 8.063093926e-02      332.7896746 
 8.040398968e-02      332.8288412 
 8.013788738e-02      332.8710324 
 7.991087657e-02      332.9071496 
 7.968317172e-02      332.9422903 
 7.938169416e-02        332.98526 
 7.911631501e-02      333.0215724 
 7.888339826e-02      333.0531888 
 7.868189791e-02      333.0779739 
 7.847971590e-02      333.0997534 
 7.824123384e-02      333.1253351 
 7.796618958e-02      333.1541947 
 7.772054567e-02      333.1737242 
 7.751202273e-02      333.1892287 
 7.722924615e-02       333.213201 
 7.680166549e-02      333.2448586 
 7.647532101e-02       333.267432 
 7.622454733e-02      333.2848882 
 7.570846480e-02      333.3168772 
 7.540969000e-02      333.3333695 
 7.518814692e-02      333.3448785 
 7.496262910e-02      333.3550475 
 7.469606634e-02      333.3659988 
 7.451140445e-02      333.3728735 
 7.416991965e-02      333.3844657 
 7.386940655e-02      333.3929436 
 7.356521833e-02      333.4003721 
 7.334189056e-02      333.4055645 
 7.307399607e-02      333.4114571 
 7.276367520e-02      333.4169709 
 7.240801694e-02      333.4217844 
 7.209094227e-02       333.424033 
 7.152999218e-02      333.4262816 
 7.121058576e-02      333.4259108 
 7.092811151e-02      333.4248773 
 7.068863215e-02      333.4226595 
 7.023828723e-02      333.4185399 
 6.991276885e-02      333.4148257 
 6.958428225e-02      333.4096834 
 6.921403627e-02      333.4043582 
 6.884300224e-02      333.3981686 
 6.842371758e-02      333.3884653 
 6.808812264e-02      333.3818044 
 6.784117013e-02      333.3765526 
 6.729060472e-02      333.3635059 
 6.691011002e-02      333.3545982 
 6.647831926e-02      333.3415831 
 6.604883630e-02      333.3280823 
 6.552228521e-02      333.3086147 
 6.515949728e-02      333.3044621 
 6.482206790e-02       333.278463 
 6.428754772e-02      333.2498877 
 6.392296751e-02       333.228224 
 6.360992665e-02      333.2088201 
 6.319155679e-02      333.1800099 
 6.272963664e-02      333.1475295 
 6.240932719e-02      333.1241289 
 6.194391011e-02      333.0862093 
 6.151795720e-02      333.0523391 
 6.104574178e-02      333.0089672 
 6.056373818e-02      332.9601801 
 6.017823269e-02      332.9194863 
 5.978720494e-02      332.8742154 
 5.924021311e-02      332.8087534 
 5.879777926e-02      332.7538959 
 5.837881698e-02      332.7011674 
 5.788718728e-02      332.6352745 
 5.753870420e-02      332.5893528 
 5.697818388e-02      332.5136441 
 5.626050877e-02      332.4062582 
 5.584058638e-02      332.3395604 
 5.526335134e-02      332.2426381 
 5.484370271e-02      332.1708601 
 5.436224487e-02      332.0869148 
 5.350865266e-02       331.930777 
 5.253296716e-02      331.7404026 
 5.209354751e-02      331.6498805 
 5.176660649e-02      331.5816412 
 5.143420380e-02      331.5076986 
 5.075774389e-02      331.3530314 
 5.034050298e-02      331.2599839 
 4.985272368e-02      331.1330438 
 4.910361864e-02      330.9421754 
 4.858371538e-02      330.8023949 
 4.805302722e-02      330.6530921 
 4.764616835e-02      330.5362371 
 4.722840239e-02      330.4096132 
 4.681188747e-02      330.2802576 
 4.645328597e-02      330.1650905 
 4.590153144e-02      329.9840667 
 4.547753987e-02      329.8399697 
 4.472994718e-02      329.5772454 
 4.435925909e-02      329.4435732 
 4.398641290e-02      329.3061504 
 4.360846133e-02      329.1640248 
 4.323477269e-02      329.0202965 
 4.272510489e-02      328.8212241 
 4.228486965e-02       328.645262 
 4.190602261e-02      328.4901021 
 4.146234416e-02      328.3041616 
 4.050032796e-02      327.8911688 
 3.998625899e-02      327.6600592 
 3.946783276e-02      327.4220363 
 3.862234688e-02      327.0192519 
 3.802945824e-02      326.7251965 
 3.756231738e-02      326.5219819 
 3.698503200e-02      326.1894054 
 3.638837394e-02      325.8681229 
 3.585995145e-02      325.5736931 
 3.539731042e-02      325.3094546 
 3.493310253e-02       325.034997 
 3.446623364e-02      324.7535046 
 3.400002926e-02      324.4629338 
 3.339742701e-02      324.0743941 
 3.272509789e-02      323.6209495 
 3.205587514e-02      323.1469195 
 3.137337279e-02      322.6376053 
 3.083204719e-02      322.2156784 
 3.035688008e-02      321.8273904 
 2.980797898e-02       321.357678 
 2.933566841e-02      320.9389064 
 2.858069245e-02      320.2292145 
 2.768641967e-02      319.3176105 
 2.679477507e-02        318.32288 
 2.616900154e-02      317.5576805 
 2.568934782e-02      316.9380999 
 2.513511312e-02      316.1805609 
 2.465689533e-02      315.4862699 
 2.403987546e-02      314.5365165 
 2.355827446e-02      313.8896072 
 2.302826297e-02      312.8178886 
 2.222652813e-02       311.286303 
 2.170322952e-02      310.1934243 
 2.117950114e-02      308.9999589 
 2.021625742e-02      306.5429395 
 1.971623270e-02      305.0872048 
 1.929222744e-02      303.7475262 
 1.880393167e-02       302.037902 
 1.833842350e-02      300.2272566 
 1.766938245e-02      297.2362141 
 1.715190365e-02      294.5313025 
 1.667601011e-02      291.6271854 
 1.633252219e-02      289.2175753 
 1.601947103e-02      286.6862275 
 1.577598609e-02      284.4488123 
 1.552642731e-02      281.7675808 
 1.533865703e-02      279.3891419 
 1.520399887e-02      277.3444131 
 1.505195246e-02      274.4763174 
 1.496603917e-02      272.3286563 
 1.490578213e-02      270.1248177 
 1.486022859e-02      267.1282708 
 1.486400730e-02      264.0896623 
 1.498843013e-02      258.6735595 
 1.514817722e-02      255.2448074 
 1.537269945e-02      251.8330908 
 1.565507574e-02      248.5412993 
 1.599242643e-02      245.3896698 
 1.653493615e-02      241.3578856 
 1.694273056e-02      238.8448256 
 1.770308312e-02       234.961575 
 1.822062680e-02      232.7389164 
 1.869856196e-02      230.9026268 
 1.920738119e-02      229.1425718 
 1.965007654e-02       227.741797 
 2.027354549e-02       225.947451 
 2.106598869e-02      223.8871823 
 2.203432750e-02      221.6708926 
 2.328386553e-02      219.2080459 
 2.397891657e-02      218.0047688 
 2.467872749e-02      216.8875621 
 2.549105166e-02      215.6982078 
 2.641143871e-02      214.4610008 
 2.712261159e-02      213.5665006 
 2.826669859e-02       212.231876 
 2.912511183e-02      211.3046561 
 2.997327245e-02      210.4460211 
 3.072765542e-02        209.73147 
 3.157304976e-02      208.9694237 
 3.233583166e-02      208.3248643 
 3.293020987e-02       207.848675 
 3.405786854e-02      206.9899655 
 3.482926463e-02      206.4274572 
 3.557542926e-02      205.8882352 
 3.613280131e-02      205.4901033 
 3.677270712e-02      205.0380659 
 3.750494262e-02      204.5142913 
 3.817451926e-02      204.1158985 
 3.889242707e-02       203.701193 
 3.964631389e-02        203.31184 
 4.070815023e-02      202.8031903 
 4.155840713e-02      202.4235044 
 4.248287854e-02      202.0410015 
 4.323243586e-02      201.7605723 
 4.399577773e-02      201.4994159 
 4.580611553e-02      201.0019995 
 4.667082949e-02      200.7899472 
 4.785768323e-02      200.5101026 
 4.893560663e-02       200.266805 
 5.082035985e-02      199.8872825 
 5.246479681e-02      199.6555041 
 5.349246989e-02      199.5425558 
 5.507527549e-02      199.4317389 
 5.631837713e-02      199.2713258 
 5.784455717e-02      199.3250461 
 5.879228569e-02      199.3070224 
 6.083967056e-02      199.2871475 
 6.321220666e-02      199.3201352 
 6.450216731e-02      199.3646926 
 6.632590963e-02      199.4532416 
 6.764824526e-02       199.532758 
 6.916425879e-02      199.6396834 
 7.084378544e-02      199.7795655 
 7.182427916e-02      199.8686096 
 7.280042069e-02      199.9624785 
 7.411343165e-02      200.0983342 
 7.540763268e-02      200.2391815 
 7.724664407e-02      200.4536817 
 7.895924944e-02      200.6713175 
 8.042619845e-02       200.872944 
 8.299931719e-02      201.2601637 
 8.481071293e-02      201.5678965 
 8.709216776e-02      202.0164527 
 8.943413803e-02      202.5040912 
 9.264454041e-02      203.2693173 
 9.564198206e-02      204.0845694 
 9.762671833e-02      204.6520285 
M2 
 5.128287280e-01      345.3488178 
 5.193324533e-01      345.7836526 
 5.235868901e-01      346.0719783 
 5.272954396e-01      346.3331338 
 5.297612711e-01      346.5666353 
 5.313294123e-01      346.7788389 
 5.318645740e-01      347.0330106 
 5.312029148e-01      347.2633069 
 5.301747688e-01      347.4284038 
 5.285689563e-01      347.5886789 
 5.256237895e-01      347.7354394 
 5.223347933e-01      347.8257151 
 5.171260214e-01      347.8720423 
 5.101702508e-01      347.8903058 
 5.029179554e-01      347.7987129 
 4.902226015e-01      347.4130537 
 4.780544297e-01      346.8272914 
 4.554362539e-01      345.2287377 
 4.453782374e-01      344.7065339 
 4.364030938e-01      344.5091813 
 4.319707946e-01      344.5089249 
 4.284909216e-01      344.5954787 
 4.270571576e-01      344.7719567 
 4.255826508e-01      345.0097135 
 4.246911305e-01      345.1622014 
 4.236468059e-01      345.3372155 
 4.220839790e-01      345.6143117 
 4.207136341e-01      345.8668235 
 4.193084091e-01      346.1162888 
 4.172700539e-01      346.4778536 
 4.162409467e-01      346.6560006 
 4.148113237e-01       346.900526 
 4.137930589e-01      347.0734139 
 4.121312470e-01      347.3531236 
 4.113750033e-01      347.4794776 
 4.104848639e-01        347.62544 
 4.095986302e-01      347.7678268 
 4.078365677e-01      348.0511199 
 4.067187187e-01       348.228133 
 4.052242879e-01      348.4601811 
 4.041288291e-01       348.628011 
 4.023007952e-01      348.9029565 
 4.007361802e-01      349.1362161 
 3.997890641e-01      349.2736739 
 3.988306171e-01      349.4083213 
 3.982579617e-01      349.4901571 
 3.973120019e-01      349.6243396 
 3.963795275e-01      349.7530997 
 3.953301285e-01      349.8939222 
 3.938030710e-01      350.0931559 
 3.928618347e-01      350.2133187 
 3.920608434e-01      350.3135615 
 3.911201807e-01       350.428019 
 3.901682566e-01      350.5406679 
 3.893604857e-01      350.6356858 
 3.883062916e-01      350.7565089 
 3.874841824e-01      350.8473215 
 3.868019038e-01       350.924378 
 3.858784856e-01      351.0293059 
 3.849524216e-01      351.1259271 
 3.838980064e-01      351.2355692 
 3.832165350e-01      351.3076253 
 3.825275802e-01      351.3765289 
 3.817252262e-01       351.456076 
 3.802878161e-01      351.6070119 
 3.795309618e-01       351.683736 
 3.786637696e-01      351.7726102 
 3.777973678e-01      351.8589136 
 3.766455126e-01      351.9591427 
 3.745557617e-01      352.1161458 
 3.735620818e-01      352.1887195 
 3.723419767e-01      352.2806629 
 3.708165717e-01      352.4001599 
 3.693769483e-01      352.5085718 
 3.684136680e-01       352.577105 
 3.674157023e-01      352.6453367 
 3.665062527e-01      352.7182588 
 3.653484413e-01      352.7703212 
 3.641454950e-01      352.8405468 
 3.632192453e-01      352.8912285 
 3.622782269e-01      352.9416557 
 3.611681993e-01      352.9963037 
 3.602170202e-01      353.0434017 
 3.592597006e-01      353.0895229 
 3.579877923e-01      353.1463504 
 3.568641330e-01      353.1948166 
 3.558698962e-01      353.2373292 
 3.550086207e-01      353.2711789 
 3.541437470e-01      353.3015248 
 3.531160851e-01      353.3373331 
 3.519242429e-01      353.3779993 
 3.508573350e-01      353.4071725 
 3.499527561e-01      353.4309207 
 3.487088980e-01      353.4656607 
 3.468264685e-01      353.5129103 
 3.453819512e-01      353.5467838 
 3.442667844e-01      353.5727011 
 3.419580185e-01      353.6208318 
 3.406126654e-01      353.6457359 
 3.396113150e-01      353.6633965 
 3.385881207e-01      353.6792586 
 3.373765131e-01      353.6966725 
 3.365336163e-01      353.7076381 
 3.349670408e-01      353.7263916 
 3.335854147e-01      353.7407417 
 3.321784189e-01      353.7529636 
 3.311432860e-01      353.7616513 
 3.298978580e-01      353.7710943 
 3.284513181e-01      353.7802209 
 3.267888591e-01      353.7886228 
 3.253023934e-01      353.7931807 
 3.226604765e-01      353.7981987 
 3.211510810e-01      353.7984503 
 3.198145954e-01      353.7978001 
 3.186787320e-01       353.795076 
 3.165352524e-01      353.7896814 
 3.149838419e-01      353.7846101 
 3.134171905e-01      353.7770824 
 3.116473602e-01      353.7686816 
 3.098718664e-01      353.7589864 
 3.078646318e-01      353.7445886 
 3.062556098e-01      353.7336042 
 3.050708611e-01      353.7251202 
 3.024323850e-01      353.7041386 
 3.006080616e-01       353.689557 
 2.985428928e-01      353.6698147 
 2.964900186e-01      353.6495122 
 2.939742645e-01       353.621566 
 2.921774937e-01      353.6105555 
 2.906374896e-01      353.5804111 
 2.880992841e-01      353.5437625 
 2.863743832e-01      353.5169789 
 2.848945032e-01      353.4933632 
 2.829228969e-01      353.4595786 
 2.807527902e-01      353.4222771 
 2.792508378e-01      353.3958769 
 2.770794102e-01      353.3542388 
 2.750978512e-01      353.3181345 
 2.729108699e-01      353.2730409 
 2.706856171e-01      353.2233955 
 2.689100472e-01      353.1827017 
 2.671220902e-01       353.138802 
 2.646254770e-01      353.0764435 
 2.626123514e-01      353.0252531 
 2.607108044e-01      352.9770129 
 2.585022227e-01      352.9184445 
 2.569365862e-01      352.8784786 
 2.544292153e-01      352.8139783 
 2.512378570e-01      352.7245287 
 2.493770494e-01      352.6695451 
 2.468320846e-01      352.5915777 
 2.449905834e-01      352.5350135 
 2.428830820e-01      352.4699889 
 2.391689352e-01      352.3526437 
 2.349498589e-01      352.2133549 
 2.330609934e-01      352.1483627 
 2.316544915e-01      352.0997192 
 2.302333497e-01      352.0473024 
 2.273423511e-01      351.9380325 
 2.255563769e-01      351.8744283 
 2.234895512e-01      351.7842833 
 2.203116011e-01      351.6523406 
 2.181116687e-01      351.5561378 
 2.158683390e-01      351.4528385 
 2.141482176e-01      351.3721561 
 2.123845975e-01      351.2838351 
 2.106244060e-01      351.1935132 
 2.091114320e-01      351.1126573 
 2.067798439e-01       350.985475 
 2.049865099e-01      350.8836323 
 2.018225000e-01      350.6973988 
 2.002510400e-01      350.6022574 
 1.986685188e-01      350.5040506 
 1.970624350e-01      350.4021725 
 1.954726183e-01      350.2987947 
 1.932999813e-01       350.154989 
 1.914195701e-01      350.0274127 
 1.897982921e-01      349.9137809 
 1.878964244e-01      349.7774801 
 1.837516022e-01      349.4712157 
 1.815280224e-01      349.2977689 
 1.792757387e-01      349.1173323 
 1.755867308e-01      348.8088073 
 1.729869885e-01      348.5809617 
 1.709304859e-01      348.4259427 
 1.683791089e-01      348.1604028 
 1.657307196e-01      347.9048611 
 1.633759559e-01      347.6694917 
 1.613050691e-01      347.4544828 
 1.592220904e-01      347.2307482 
 1.571182880e-01      347.0000443 
 1.550107753e-01      346.7603491 
 1.522762963e-01      346.4373295 
 1.492097385e-01       346.057642 
 1.461416575e-01      345.6570167 
 1.429974688e-01      345.2238437 
 1.404937148e-01      344.8635386 
 1.382857544e-01      344.5288669 
 1.357271676e-01      344.1230105 
 1.335179689e-01      343.7599136 
 1.299702190e-01      343.1420272 
 1.257401262e-01      342.3441683 
 1.214937611e-01      341.4693245 
 1.184935999e-01      340.7917758 
 1.161844610e-01      340.2417123 
 1.135028991e-01      339.5684107 
 1.111787734e-01      338.9489738 
 1.081665281e-01      338.0986592 
 1.058186152e-01      337.5184331 
 1.031879709e-01      336.5542484 
 9.920167603e-02      335.1673262 
 9.657870525e-02      334.1718319 
 9.393177885e-02      333.0779623 
 8.900849355e-02      330.8018244 
 8.641544898e-02      329.4369369 
 8.419612002e-02      328.1697306 
 8.160869731e-02      326.5320426 
 7.910946962e-02      324.7765659 
 7.545158470e-02      321.8261574 
 7.256284146e-02      319.1012504 
 6.984445445e-02      316.1179291 
 6.784312986e-02       313.595018 
 6.597752705e-02      310.8982263 
 6.449798812e-02      308.4757772 
 6.294229180e-02      305.5256425 
 6.173752149e-02      302.8656571 
 6.084729082e-02      300.5486619 
 5.979494497e-02      297.2521269 
 5.916176190e-02      294.7515192 
 5.866051233e-02      292.1597452 
 5.819441886e-02      288.5996333 
 5.799809566e-02      284.9575825 
 5.831940363e-02      278.4211535 
 5.898373733e-02      274.2812551 
 6.001244864e-02      270.1810045 
 6.137483256e-02      266.2705529 
 6.304289416e-02      262.5736691 
 6.576104983e-02      257.9354423 
 6.781297688e-02       255.101975 
 7.163702994e-02      250.8343257 
 7.422554868e-02      248.4510646 
 7.661044260e-02      246.5134406 
 7.913964596e-02      244.6820842 
 8.133687541e-02      243.2464316 
 8.442044219e-02      241.4276346 
 8.834215970e-02      239.3768031 
 9.312421832e-02      237.2137308 
 9.922510676e-02      234.8625861 
 1.025696449e-01      233.7360276 
 1.059087599e-01      232.6983117 
 1.097517307e-01      231.6016351 
 1.140706915e-01      230.4684318 
 1.173987205e-01      229.6534441 
 1.227408561e-01       228.438494 
 1.267487553e-01      227.5936925 
 1.307175087e-01      226.8127105 
 1.342573085e-01      226.1650081 
 1.382417658e-01        225.48364 
 1.418304914e-01      224.9139708 
 1.446238884e-01      224.4969101 
 1.499120572e-01      223.7546748 
 1.535265282e-01      223.2729757 
 1.570125635e-01       222.811245 
 1.596305726e-01      222.4752885 
 1.627132946e-01      222.1160487 
 1.662247138e-01       221.708268 
 1.693955421e-01      221.3973681 
 1.726812690e-01      221.0649429 
 1.761175291e-01      220.7521881 
 1.809379610e-01       220.338075 
 1.847901478e-01      220.0196813 
 1.889587905e-01      219.6780637 
 1.923019052e-01      219.4155924 
 1.957251850e-01      219.1685377 
 2.041432844e-01      218.6989588 
 2.082329367e-01      218.4960448 
 2.138438359e-01      218.2122759 
 2.189300337e-01      217.9547897 
 2.278525246e-01      217.5441782 
 2.356975515e-01      217.2823102 
 2.406314202e-01      217.1528898 
 2.483003496e-01      217.0233775 
 2.543817179e-01      216.8664309 
 2.618789660e-01      216.9141572 
 2.665654188e-01      216.9053091 
 2.766805819e-01      216.9180284 
 2.882772514e-01      216.9673523 
 2.945831221e-01      217.0123049 
 3.034759003e-01       217.092251 
 3.099016544e-01       217.161794 
 3.172395321e-01      217.2550557 
 3.253329603e-01      217.3765472 
 3.300452282e-01      217.4550565 
 3.347265622e-01      217.5382999 
 3.410233455e-01      217.6625609 
 3.472286019e-01      217.7934189 
 3.560684222e-01      218.0004316 
 3.643626398e-01      218.2244166 
 3.715228290e-01      218.4420649 
 3.841879060e-01      218.8753774 
 3.932065509e-01      219.2333779 
 4.046874893e-01      219.7636761 
 4.165512428e-01      220.3386157 
 4.330109121e-01      221.2349438 
 4.485292541e-01      222.1706486 
 4.588593058e-01      222.8143614 
S2 
 1.284861191e-01      24.48225472 
 1.297139986e-01      24.24703566 
 1.304251176e-01      24.04093296 
 1.310154437e-01      23.84277957 
 1.312746719e-01      23.60312237 
 1.313443989e-01      23.37990401 
 1.311186498e-01      23.12869145 
 1.307227528e-01      23.00650897 
 1.303002498e-01      22.92441359 
 1.297449172e-01      22.84947906 
 1.288042718e-01      22.72373097 
 1.277990023e-01      22.58978362 
 1.262703345e-01      22.38393654 
 1.242617109e-01      22.11568111 
 1.222859367e-01      21.82059331 
 1.189272297e-01      21.14129596 
 1.157978187e-01      20.32441993 
 1.102825095e-01      18.51028347 
 1.076492424e-01      17.77204248 
 1.058278873e-01      17.40467346 
 1.053023991e-01      17.37056304 
 1.049423227e-01      17.40618949 
 1.047108592e-01      17.47296029 
 1.044412627e-01      17.57567256 
 1.042746319e-01      17.64679301 
 1.040834048e-01      17.73219342 
 1.037889031e-01      17.87591303 
 1.035202805e-01      18.00944018 
 1.032408067e-01      18.14377115 
 1.028277063e-01      18.34095327 
 1.026150936e-01      18.43982658 
 1.023159068e-01       18.5757795 
 1.020998087e-01      18.67244163 
 1.017428719e-01      18.83030039 
 1.015787037e-01      18.90170393 
 1.013839076e-01       18.9844277 
 1.011901449e-01      19.06556176 
 1.007982399e-01      19.22716911 
 1.005483835e-01      19.32890271 
 1.002105080e-01      19.46231426 
 9.996167988e-02      19.55965549 
 9.954244071e-02      19.71914609 
 9.918109343e-02      19.85665208 
 9.896016035e-02      19.93762235 
 9.873783035e-02      20.01713229 
 9.860187745e-02      20.06597373 
 9.837776226e-02      20.14633943 
 9.815672780e-02      20.22353215 
 9.790761479e-02      20.30895712 
 9.754483955e-02      20.42972824 
 9.732115259e-02      20.50272253 
 9.712977232e-02      20.56503461 
 9.690351407e-02      20.63510366 
 9.667499568e-02      20.70381437 
 9.647905192e-02      20.76280082 
 9.622200803e-02      20.83709995 
 9.602132219e-02      20.89237213 
 9.585281738e-02      20.94019575 
 9.562326397e-02      21.00568115 
 9.539245186e-02      21.06450169 
 9.513027745e-02      21.13201955 
 9.495844144e-02      21.17639458 
 9.478399549e-02      21.21679669 
 9.458031924e-02      21.26296142 
 9.421116593e-02      21.35093908 
 9.401700331e-02      21.39462282 
 9.379109646e-02      21.44522784 
 9.356491049e-02      21.49513756 
 9.325975589e-02      21.55087621 
 9.270815132e-02      21.64313144 
 9.244733469e-02       21.6871485 
 9.212515532e-02      21.74187643 
 9.172209356e-02      21.81189442 
 9.134066764e-02      21.87468146 
 9.108288262e-02      21.91412127 
 9.081648645e-02      21.95376768 
 9.052337814e-02      21.98975327 
 9.026372908e-02      22.02614591 
 8.994043061e-02      22.06655075 
 8.968894968e-02      22.09498889 
 8.943399611e-02      22.12340608 
 8.913331793e-02      22.15301092 
 8.887268267e-02       22.1781984 
 8.861093848e-02       22.2027834 
 8.826239997e-02      22.23129219 
 8.795358660e-02      22.25491686 
 8.767866959e-02      22.27546623 
 8.743991580e-02      22.29048344 
 8.720051282e-02      22.30233439 
 8.691280972e-02      22.31536696 
 8.657783294e-02      22.32924118 
 8.627793923e-02      22.33554965 
 8.602407384e-02       22.3402887 
 8.567210105e-02      22.34822175 
 8.514222292e-02      22.35661188 
 8.473616528e-02       22.3614021 
 8.442304676e-02      22.36519179 
 8.377248045e-02      22.36791493 
 8.339471364e-02      22.36691361 
 8.311167492e-02      22.36493635 
 8.282270181e-02      22.36033404 
 8.248062859e-02      22.35363897 
 8.224213657e-02      22.34761532 
 8.179499336e-02       22.3327934 
 8.140044721e-02      22.31637782 
 8.099890275e-02      22.29669733 
 8.070259250e-02      22.28188753 
 8.034690239e-02      22.26321626 
 7.993400815e-02      22.24032931 
 7.945953587e-02      22.21247829 
 7.903552098e-02      22.18397633 
 7.828022959e-02      22.12888712 
 7.784773555e-02      22.09327143 
 7.746441329e-02      22.06047555 
 7.713948589e-02      22.03011381 
 7.652289766e-02      21.97127076 
 7.607692438e-02      21.92688352 
 7.562741620e-02      21.87911348 
 7.511923970e-02        21.824169 
 7.460924093e-02      21.76683017 
 7.403199788e-02      21.69732365 
 7.357032782e-02       21.6405903 
 7.322955084e-02      21.59812074 
 7.247137210e-02      21.50040035 
 7.194812353e-02       21.4316201 
 7.135489002e-02      21.34900742 
 7.076563922e-02      21.26470054 
 7.004061227e-02      21.15514614 
 6.947528763e-02      21.07688085 
 6.907713904e-02      21.00080148 
 6.834261382e-02      20.87383627 
 6.784381023e-02      20.78443716 
 6.741602533e-02      20.70641565 
 6.684276126e-02      20.59699832 
 6.621171828e-02      20.47469324 
 6.577459114e-02      20.38815719 
 6.514444022e-02      20.25709933 
 6.456568339e-02      20.13695389 
 6.392769410e-02      19.99595684 
 6.327651504e-02      19.84485734 
 6.275623357e-02      19.72076923 
 6.223243051e-02      19.59125011 
 6.149947648e-02      19.40593923 
 6.090756928e-02      19.25292806 
 6.034493789e-02      19.10644483 
 5.970330019e-02      18.93259529 
 5.924415105e-02      18.80875922 
 5.850934064e-02       18.6069672 
 5.757358933e-02      18.33558379 
 5.702708681e-02      18.17056685 
 5.627974401e-02      17.93886972 
 5.574029000e-02      17.76917788 
 5.512322875e-02      17.57237343 
 5.403653638e-02      17.21540815 
 5.280499680e-02      16.79264541 
 5.225487923e-02      16.59671008 
 5.184378961e-02      16.44867065 
 5.143115815e-02      16.29500697 
 5.058957300e-02      15.97347512 
 5.005715356e-02       15.7739468 
 4.947210617e-02      15.52650664 
 4.855298716e-02      15.14471784 
 4.791745429e-02      14.87034233 
 4.727234072e-02      14.58032041 
 4.677584732e-02      14.35249737 
 4.626954179e-02      14.11072982 
 4.576482409e-02      13.86396284 
 4.533312253e-02      13.64620754 
 4.466771041e-02      13.30383977 
 4.415830739e-02      13.03370817 
 4.326394245e-02      12.54294967 
 4.282117098e-02      12.29348151 
 4.237719991e-02      12.03760547 
 4.192789483e-02      11.77306283 
 4.148485807e-02      11.50584469 
 4.088050440e-02      11.13434671 
 4.035942140e-02      10.80522127 
 3.991266005e-02      10.51535235 
 3.939029264e-02      10.16701345 
 3.826030353e-02      9.391198934 
 3.765932331e-02      8.956370014 
 3.705349245e-02      8.506142333 
 3.606876761e-02       7.74068157 
 3.538183278e-02      7.179968438 
 3.480999155e-02      6.754300443 
 3.417304559e-02      6.146600751 
 3.348584865e-02      5.523174089 
 3.287883412e-02      4.949048748 
 3.234877761e-02      4.430277393 
 3.181954900e-02      3.890545608 
 3.128766703e-02      3.333328259 
 3.075878842e-02      2.756555083 
 3.007737869e-02      1.980940464 
 2.932206558e-02      1.073069433 
 2.857470585e-02     0.1174947233 
 2.781783305e-02      359.0865741 
 2.722054522e-02      358.2267928 
 2.670020809e-02      357.4332517 
 2.610418523e-02      356.4720001 
 2.559331963e-02       355.608445 
 2.478712804e-02      354.1427284 
 2.384762390e-02       352.257037 
 2.293041407e-02      350.1928587 
 2.230222343e-02        348.60918 
 2.182858353e-02      347.3220134 
 2.129123362e-02        345.74873 
 2.083839354e-02      344.3114318 
 2.026836861e-02      342.3440567 
 1.978875039e-02      340.8344007 
 1.937704041e-02      338.8089744 
 1.871517233e-02      335.6894411 
 1.830849570e-02      333.4844188 
 1.792736239e-02      331.1201507 
 1.729657036e-02      326.3478167 
 1.701572107e-02      323.6095407 
 1.680544131e-02      321.1441071 
 1.660473820e-02      318.0981182 
 1.645909937e-02      314.9895264 
 1.634389534e-02      310.1275875 
 1.634550414e-02      306.0173086 
 1.643794173e-02      301.9070127 
 1.656846194e-02      298.7168909 
 1.675272971e-02      295.5735928 
 1.694560167e-02      292.9525818 
 1.721340686e-02      290.0051024 
 1.747826436e-02      287.5407316 
 1.772754401e-02      285.5436577 
 1.810536980e-02      282.8913706 
 1.841024563e-02       281.018613 
 1.874459650e-02       279.194151 
 1.922633811e-02      276.8471328 
 1.975460385e-02      274.6184742 
 2.079039846e-02      270.9564397 
 2.151324039e-02      268.8145367 
 2.228939367e-02      266.7957483 
 2.309833210e-02      264.9462337 
 2.393617922e-02      263.2498159 
 2.511919012e-02      261.1804134 
 2.592853283e-02      259.9365724 
 2.732366213e-02      258.0927011 
 2.821549548e-02      257.0739345 
 2.901058499e-02      256.2459515 
 2.983165257e-02      255.4635393 
 3.053135919e-02      254.8513724 
 3.149372866e-02      254.0724335 
 3.269199854e-02      253.1855464 
 3.412126776e-02       252.241525 
 3.592613752e-02      251.2027346 
 3.691756640e-02      250.7088723 
 3.790649214e-02      250.2572348 
 3.904438617e-02      249.7861237 
 4.032544845e-02      249.3080963 
 4.130735580e-02      248.9623068 
 4.287539737e-02      248.4366341 
 4.404657515e-02      248.0576576 
 4.520172658e-02      247.6975066 
 4.622982693e-02      247.3953089 
 4.738593885e-02      247.0748447 
 4.843000555e-02      246.8084508 
 4.924195904e-02      246.6143761 
 5.079192663e-02      246.2633843 
 5.185371172e-02      246.0264657 
 5.288122345e-02      245.7888838 
 5.364740192e-02      245.6099407 
 5.453316363e-02      245.4107992 
 5.555113815e-02      245.1856748 
 5.648863559e-02      245.0229849 
 5.750814025e-02      244.8626564 
 5.859259785e-02      244.7090035 
 6.013196048e-02      244.4948044 
 6.136902506e-02      244.3167998 
 6.271451538e-02      244.0948948 
 6.380697857e-02      243.8976371 
 6.492324902e-02      243.6976049 
 6.761657911e-02      243.2485276 
 6.891796861e-02      243.0423856 
 7.071276493e-02       242.749234 
 7.234854399e-02      242.4768286 
 7.523208728e-02      242.0184764 
 7.778444947e-02      241.6864215 
 7.939515544e-02      241.5040221 
 8.190166377e-02       241.274087 
 8.387624555e-02      241.0262721 
 8.632663491e-02      240.9525576 
 8.784841380e-02      240.8622708 
 9.114847179e-02      240.6921262 
 9.499392739e-02      240.5598216 
 9.709561772e-02      240.5174109 
 1.000775864e-01      240.4869826 
 1.022469375e-01      240.4840816 
 1.047395423e-01      240.5006689 
 1.075087165e-01      240.5447628 
 1.091303674e-01       240.581199 
 1.107451492e-01      240.6238283 
 1.129274423e-01      240.6974885 
 1.150830831e-01      240.7811141 
 1.181654442e-01      240.9312519 
 1.210625954e-01      241.1181598 
 1.235674365e-01      241.3104069 
 1.279991637e-01      241.7071664 
 1.311500615e-01      242.0449055 
 1.351606377e-01      242.5494402 
 1.393121194e-01      243.0891842 
 1.451008615e-01      243.9082289 
 1.506066912e-01      244.7307502 
 1.542930624e-01      245.2853212 
K2 
 3.471477974e-02      24.86986046 
 3.501139144e-02      24.53757108 
 3.517651313e-02       24.2615684 
 3.531139001e-02      23.99808317 
 3.535891403e-02      23.67926438 
 3.535693285e-02      23.37708607 
 3.526988665e-02      23.02247857 
 3.513891877e-02      22.81676759 
 3.500792716e-02      22.66852394 
 3.484250951e-02      22.52205307 
 3.458186659e-02      22.29781164 
 3.431414585e-02      22.06985212 
 3.392705299e-02      21.73655037 
 3.342912662e-02      21.30623715 
 3.296014406e-02      20.86893823 
 3.220913995e-02      19.98450868 
 3.155147476e-02      19.01637488 
 3.048727101e-02      17.10968081 
 2.993028030e-02      16.36768589 
 2.951760248e-02      16.04858594 
 2.939213716e-02      16.05657985 
 2.929803101e-02      16.13212001 
 2.923014611e-02      16.22694479 
 2.914774837e-02      16.35866184 
 2.909618042e-02       16.4455128 
 2.903664969e-02      16.54649299 
 2.894476378e-02      16.70901517 
 2.886100384e-02       16.8561275 
 2.877424955e-02      17.00158534 
 2.864664736e-02      17.21059142 
 2.858149810e-02      17.31291797 
 2.849011576e-02      17.45229526 
 2.842440328e-02      17.55027725 
 2.831655629e-02      17.70767487 
 2.826717366e-02      17.77802542 
 2.820878722e-02      17.85907366 
 2.815086364e-02      17.93794068 
 2.803444992e-02      18.09320399 
 2.796074478e-02      18.18986186 
 2.786157587e-02      18.31540928 
 2.778903861e-02      18.40622058 
 2.766760535e-02      18.55364698 
 2.756387729e-02      18.67957722 
 2.750087782e-02      18.75304679 
 2.743775296e-02      18.82437104 
 2.739953419e-02      18.86829215 
 2.733663113e-02      18.94018078 
 2.727495110e-02        19.008714 
 2.720566400e-02      19.08453921 
 2.710532740e-02      19.19120151 
 2.704381071e-02      19.25529209 
 2.699142147e-02      19.31010198 
 2.692974097e-02       19.3713559 
 2.686770456e-02      19.43093573 
 2.681470492e-02      19.48246212 
 2.674536612e-02      19.54678327 
 2.669139937e-02      19.59405845 
 2.664634906e-02      19.63530463 
 2.658507643e-02      19.69177351 
 2.652358966e-02      19.74172918 
 2.645409026e-02      19.79949737 
 2.640860550e-02      19.83786293 
 2.636238425e-02      19.87225281 
 2.630840220e-02      19.91132346 
 2.621044811e-02      19.98719388 
 2.615893928e-02       20.0241351 
 2.609904612e-02      20.06716445 
 2.603938361e-02      20.10960744 
 2.595958123e-02      20.15564656 
 2.581691196e-02       20.2306644 
 2.574963574e-02      20.26643245 
 2.566625339e-02      20.31138843 
 2.556168109e-02      20.36945169 
 2.546275495e-02      20.42147278 
 2.539600318e-02      20.45407212 
 2.532734179e-02      20.48675113 
 2.524978781e-02      20.51932824 
 2.518543493e-02      20.54608253 
 2.510262350e-02      20.57929832 
 2.503823862e-02      20.60261781 
 2.497302888e-02      20.62571283 
 2.489623599e-02      20.64973254 
 2.482958864e-02      20.67031009 
 2.476278404e-02      20.69044166 
 2.467369787e-02      20.71355618 
 2.459475199e-02      20.73272001 
 2.452454456e-02      20.74979065 
 2.446354910e-02      20.76210917 
 2.440241520e-02      20.77160006 
 2.432889542e-02      20.78236078 
 2.424336536e-02       20.7940925 
 2.416672591e-02      20.79921768 
 2.410185412e-02      20.80286611 
 2.401190866e-02      20.81046549 
 2.387654195e-02       20.8189267 
 2.377277930e-02      20.82455986 
 2.369276877e-02       20.8293399 
 2.352637011e-02      20.83596786 
 2.342977938e-02      20.83839531 
 2.335729158e-02      20.83933691 
 2.328323083e-02       20.8384371 
 2.319553559e-02      20.83651899 
 2.313430883e-02      20.83440832 
 2.301916237e-02      20.82795513 
 2.291741040e-02      20.81968839 
 2.281367855e-02      20.80949586 
 2.273705621e-02      20.80191088 
 2.264500013e-02      20.79271028 
 2.253816528e-02      20.78141937 
 2.241537775e-02      20.76766942 
 2.230537402e-02      20.75326129 
 2.210920205e-02       20.7250276 
 2.199639050e-02      20.70635418 
 2.189628023e-02      20.68902754 
 2.181139623e-02      20.67253018 
 2.164983400e-02      20.64147904 
 2.153274041e-02      20.61834249 
 2.141443931e-02      20.59313375 
 2.128035990e-02      20.56498439 
 2.114550451e-02      20.53570221 
 2.099245908e-02      20.49941277 
 2.086970275e-02      20.47104128 
 2.077894279e-02      20.44989744 
 2.057636122e-02      20.40160963 
 2.043621415e-02      20.36859639 
 2.027675332e-02      20.32826618 
 2.011802946e-02      20.28786602 
 1.992189223e-02      20.23479531 
 1.976602278e-02      20.20384969 
 1.966003651e-02      20.15965564 
 1.945951191e-02      20.09657296 
 1.932298173e-02      20.05216616 
 1.920574827e-02       20.0135121 
 1.904796897e-02      19.95849646 
 1.887382401e-02      19.89793694 
 1.875288696e-02      19.85520999 
 1.857797219e-02      19.78888994 
 1.841670439e-02       19.7300564 
 1.823833091e-02      19.65859874 
 1.805558109e-02      19.58062216 
 1.790925349e-02      19.51638092 
 1.776145728e-02      19.44832382 
 1.755402855e-02      19.35110011 
 1.738594810e-02       19.2708917 
 1.722549993e-02      19.19472931 
 1.704243493e-02      19.10246273 
 1.691087287e-02      19.03796732 
 1.669954178e-02      18.93272086 
 1.642923790e-02      18.78704763 
 1.627087345e-02      18.69712283 
 1.605357261e-02      18.56935024 
 1.589624910e-02      18.47523015 
 1.571587096e-02      18.36581621 
 1.539667713e-02      18.16438234 
 1.503302226e-02      17.92056178 
 1.486981161e-02      17.80485954 
 1.474763550e-02      17.71752755 
 1.462475928e-02      17.62440023 
 1.437342363e-02       17.4273332 
 1.421361386e-02      17.30664976 
 1.403838624e-02      17.14684286 
 1.376156458e-02      16.90147653 
 1.356947370e-02      16.72106563 
 1.337405712e-02       16.5266572 
 1.322328825e-02        16.372467 
 1.306921646e-02        16.204702 
 1.291543584e-02      16.03252304 
 1.278356259e-02      15.87706768 
 1.258004336e-02      15.63111801 
 1.242403660e-02      15.43411252 
 1.214956565e-02      15.06933991 
 1.201345785e-02      14.88104521 
 1.187686191e-02      14.68612827 
 1.173844706e-02      14.48192783 
 1.160180083e-02      14.27313443 
 1.141520638e-02      13.97940231 
 1.125415473e-02      13.71682028 
 1.111589593e-02      13.48034744 
 1.095407331e-02      13.19502142 
 1.060408642e-02      12.54460419 
 1.041760157e-02      12.17217771 
 1.022971520e-02      11.77993173 
 9.924080140e-03      11.10084193 
 9.710795440e-03      10.59292442 
 9.533319002e-03      10.20582833 
 9.335593740e-03      9.634691286 
 9.122324481e-03      9.043299338 
 8.933948081e-03      8.491523934 
 8.769611470e-03      7.983233051 
 8.605468963e-03      7.450587237 
 8.440692029e-03      6.892039778 
 8.276924336e-03      6.308073696 
 8.066097156e-03      5.513208873 
 7.832834162e-03      4.565580835 
 7.602342883e-03      3.553368648 
 7.369311868e-03      2.444710547 
 7.185695228e-03      1.508178694 
 7.026094236e-03     0.6326359626 
 6.843560320e-03      359.5621497 
 6.687508813e-03      358.5901495 
 6.442148801e-03      356.9197723 
 6.157714628e-03      354.7381275 
 5.882061910e-03      352.3108706 
 5.694726486e-03      350.4258296 
 5.554412522e-03      348.8803305 
 5.396644022e-03      346.9748856 
 5.264991212e-03      345.2216774 
 5.101238598e-03       342.804167 
 4.965052204e-03      340.9120059 
 4.851444241e-03      338.4180312 
 4.672729045e-03      334.5211612 
 4.566940075e-03       331.758575 
 4.471914635e-03      328.7996749 
 4.327121362e-03      322.8487104 
 4.271250459e-03      319.4658312 
 4.235438139e-03      316.4443635 
 4.210576534e-03      312.7588878 
 4.204922613e-03      309.0527327 
 4.233132202e-03      303.3855453 
 4.289276719e-03      298.7270458 
 4.374288168e-03      294.1974012 
 4.458609315e-03      290.7696987 
 4.558890790e-03      287.4672956 
 4.654302943e-03      284.7660737 
 4.776672528e-03      281.7866651 
 4.891263232e-03      279.3382722 
 4.993660756e-03       277.382808 
 5.143523924e-03      274.8209613 
 5.259885486e-03       273.034224 
 5.384209418e-03      271.3140498 
 5.558310836e-03      269.1189391 
 5.743662814e-03      267.0579692 
 6.095435907e-03      263.7069305 
 6.334117016e-03      261.7623716 
 6.585724677e-03      259.9353093 
 6.843027086e-03      258.2605701 
 7.105886287e-03      256.7219947 
 7.471291465e-03      254.8375679 
 7.718438319e-03      253.6986727 
 8.138015683e-03      251.9906149 
 8.403037637e-03      251.0357948 
 8.637655061e-03      250.2521391 
 8.878682604e-03      249.5063757 
 9.082352786e-03      248.9144848 
 9.361751040e-03      248.1568326 
 9.706706798e-03      247.2755343 
 1.011527617e-02      246.3185111 
 1.062725145e-02      245.2363717 
 1.090607495e-02      244.7070391 
 1.118360261e-02      244.2145075 
 1.150211525e-02      243.6906733 
 1.185900701e-02      243.1479962 
 1.213191075e-02      242.7491357 
 1.256680127e-02      242.1372968 
 1.289069009e-02      241.6938513 
 1.320946408e-02      241.2695853 
 1.349249419e-02        240.91122 
 1.380981780e-02       240.528067 
 1.409552679e-02      240.2069901 
 1.431750027e-02      239.9703903 
 1.473916228e-02        239.54801 
 1.502687924e-02      239.2689147 
 1.530473469e-02      238.9956097 
 1.551185679e-02      238.7901609 
 1.575003860e-02      238.5642447 
 1.602300297e-02      238.3092428 
 1.627395078e-02      238.1315614 
 1.654635627e-02      237.9627726 
 1.683632108e-02      237.8114171 
 1.724844239e-02      237.6119358 
 1.758021387e-02      237.4544701 
 1.794216020e-02      237.2714089 
 1.823940179e-02      237.1222325 
 1.854429262e-02      236.9749284 
 1.927705007e-02      236.6501887 
 1.962834349e-02      236.5017569 
 2.011218787e-02       236.293003 
 2.055256152e-02       236.101791 
 2.132713268e-02      235.7909138 
 2.201042255e-02      235.5909288 
 2.244096839e-02      235.4890401 
 2.310929933e-02      235.3822314 
 2.363731356e-02      235.2222572 
 2.428654879e-02       235.263984 
 2.469100807e-02      235.2389763 
 2.556822064e-02      235.2028491 
 2.659111391e-02      235.2163254 
 2.715090208e-02      235.2500471 
 2.794635710e-02      235.3232786 
 2.852606616e-02      235.3924016 
 2.919290564e-02      235.4887827 
 2.993593894e-02      235.6187372 
 3.037235634e-02       235.703263 
 3.080693913e-02      235.7932645 
 3.139661672e-02      235.9266811 
 3.197995147e-02      236.0665566 
 3.281775835e-02      236.2853524 
 3.361037823e-02      236.5133053 
 3.429717538e-02      236.7244229 
 3.551476835e-02       237.129055 
 3.638376802e-02      237.4501379 
 3.749302429e-02      237.9167406 
 3.863998465e-02      238.4186944 
 4.023239022e-02      239.1976887 
 4.173497427e-02      240.0183967 
 4.273616955e-02      240.5850844 
90   	 	 ! ANGINN 
0 0 100 100   	 ! NOUTE, TOUTSE, TOUTFE, NSPOOLE 
10  	 	 ! NSTAE 
-94.725978 29.357586 ! 8771341  ! TCOON ! Galveston Bay Entrance North Jetty
-97.3984   27.814300 ! 8775296  ! TCOON ! TX State Aquarium (USS Lexington)
-97.0730   27.840400 ! 8775237  ! TCOON ! Port Aransas
-93.931400 29.867500 ! 8770475  ! TCOON ! Port Arthur
-74.1187 11.3426 ! blowup south 1
-74.1157 11.3540 ! blowup south 2
-78.0266 22.2198 ! center 1
-78.0210 22.2089 ! center 2
81.9521 21.6552 ! after nodecode
-82.0830 21.5671 ! after nodecode
0 0 100 100  	 ! NOUTV, TOUTV, TOUTFV, NSPOOLV 
0  	 	 ! NSTAV 
0 0.00 55.0 16             ! NOUTM,TOUTSM,TOUTFM,NSPOOLM:MET STATION OUTPUT INFO (UNIT 71)
0                          ! TOTAL NUMBER OF meteorological recording stations
1 0 100 1000  	 ! NOUTGE, ... 
0 0 0 0  	 ! NOUTGV, ... 
0 0  90  120               ! NOUTGW,TOUTSGW,TOUTFGW,NSPOOLGW : GLOBAL WIND  OUTPUT (UNIT  74)
8  	 	 ! NFREQ 
Q1 
 6.495854130e-05 1.145293 2.544956 
O1 
 6.759774407e-05 1.151106 153.725762 
P1 
 7.252294576e-05 0.993914 285.403642 
K1 
 7.292115851e-05 1.089154 80.402964 
N2 
 1.378796998e-04 0.974235 85.208263 
M2 
 1.405189028e-04 0.972945 236.428564 
S2 
 1.454441043e-04 1.001627 359.915172 
K2 
 1.458423170e-04 1.232074 341.336022 
0 0 0 0  	 ! THAS, THAF, NHAINC, FMV 
0 0 0 0   	 ! NHASE, NHASV, NHAGE, NHAGV 
0 0  	 ! NHSTAR, NHSINC 
1 0   1.000000000e-10 25  	 ! ITITER, ISLDIA, CONVCR, ITMAX 
OceanMesh2D 
Affiliation
Made by OceanMesh2D
History: None
https://github.com/CHLNDDEV/OceanMesh2D/
Comments: None
Host: Name
Metric, Datum
name@instit.edu
2008-09-05 12:00:00 UTC
! -- Begin met Control Namelist -- 
&metControl
WindDragLimit = 2.500000e-03,
DragLawString = default,
outputWindDrag = F,
invertedBarometerOnElevationBoundary = F,
/
! -- End met Control Namelist -- 
